Distance Sea Floor [m]	Height DOM [m]	Time of Arrival [s]	Angle of Departure [degrees]	Angle of Arrival [degrees]
13.0	5.0	0.0083033843	0.00408430398	2.91038305e-11
13.0	105.0	0.064444676	-82.589035	-82.5968781
13.0	205.0	0.128153235	-86.2769623	-86.2849045
13.0	305.0	0.192109615	-87.5146866	-87.5226746
13.0	405.0	0.256180644	-88.1344986	-88.1425018
13.0	505.0	0.320339561	-88.5065918	-88.5146103
13.0	605.0	0.384577662	-88.7547226	-88.762764
13.0	705.0	0.448891133	-88.9319992	-88.9400482
113.0	5.0	0.0721755251	0.0355020203	1.16415322e-10
113.0	105.0	0.0964316726	-41.4722214	-41.5403519
113.0	205.0	0.146883637	-60.4983559	-60.5674019
113.0	305.0	0.205093294	-69.3250656	-69.394455
113.0	405.0	0.266066313	-74.1897812	-74.2593536
113.0	505.0	0.328307509	-77.2298355	-77.2995453
113.0	605.0	0.391246736	-79.2989578	-79.3687668
113.0	705.0	0.454623908	-80.7946396	-80.8645325
213.0	5.0	0.136047482	0.0669197217	1.0477379e-09
213.0	105.0	0.150376678	-25.0829697	-25.2113876
213.0	205.0	0.18682453	-43.1307487	-43.2609062
213.0	305.0	0.235385612	-54.5588722	-54.6896591
213.0	405.0	0.290084392	-61.8982849	-62.0294342
213.0	505.0	0.348077714	-66.8595428	-66.9909439
213.0	605.0	0.407996058	-70.3886414	-70.5202408
213.0	705.0	0.46913147	-73.0092163	-73.140976
313.0	5.0	0.199919045	0.0983373672	-1.25146471e-09
313.0	105.0	0.209988698	-17.6206551	-17.8093758
313.0	205.0	0.237505808	-32.4801712	-32.6714363
313.0	305.0	0.27737236	-43.6875572	-43.8797493
313.0	405.0	0.325117618	-51.8592224	-52.0519447
313.0	505.0	0.377801657	-57.8557816	-58.0488739
313.0	605.0	0.433659285	-62.3527489	-62.5461311
313.0	705.0	0.491637588	-65.8107834	-66.0044022
413.0	5.0	0.263790905	0.128680497	-0.108503796
413.0	105.0	0.271561086	-13.4825163	-13.7315655
413.0	205.0	0.293413639	-25.7104778	-25.9628525
413.0	305.0	0.32657367	-35.865654	-36.1192551
413.0	405.0	0.368033677	-43.9551315	-44.2094307
413.0	505.0	0.415347874	-50.3144455	-50.5692291
413.0	605.0	0.466768324	-55.3301468	-55.5853157
413.0	705.0	0.521106839	-59.3304062	-59.5858917
513.0	5.0	0.327662736	0.160097778	-0.108503751
513.0	105.0	0.334011674	-10.8706913	-11.1800957
513.0	205.0	0.352066696	-21.1392078	-21.4527054
513.0	305.0	0.380198807	-30.1590214	-30.4740372
513.0	405.0	0.41640231	-37.7845459	-38.1004257
513.0	505.0	0.458799899	-44.1047058	-44.4211845
513.0	605.0	0.50586319	-49.3094215	-49.6263733
513.0	705.0	0.556433976	-53.6036911	-53.9210358
613.0	5.0	0.391534209	0.191515014	-0.108503625
613.0	105.0	0.396925777	-9.07427025	-9.44405746
613.0	205.0	0.412294865	-17.8787193	-18.2533512
613.0	305.0	0.436620653	-25.8859196	-26.262352
613.0	405.0	0.468537867	-32.9344559	-33.3119164
613.0	505.0	0.506640494	-39.0115318	-39.3897095
613.0	605.0	0.549668193	-44.194622	-44.5733604
613.0	705.0	0.596579313	-48.5994492	-48.9786606
713.0	5.0	0.455405444	0.221857846	-0.217006966
713.0	105.0	0.460113049	-7.76175356	-8.19197273
713.0	205.0	0.47349751	-15.4469833	-15.8827658
713.0	305.0	0.494883597	-22.5970802	-23.0349388
713.0	405.0	0.523315489	-29.0705299	-29.5095768
713.0	505.0	0.557741165	-34.8180847	-35.2579651
713.0	605.0	0.597147584	-39.8585396	-40.2990723
713.0	705.0	0.640637517	-44.2501907	-44.6912727
813.0	5.0	0.519277096	0.253274828	-0.217006519
813.0	105.0	0.523475051	-6.75903988	-7.24973154
813.0	205.0	0.535340905	-13.5672226	-14.0641689
813.0	305.0	0.554407239	-20.0008793	-20.5001717
813.0	405.0	0.579987168	-25.9439087	-26.4445496
813.0	505.0	0.61128509	-31.3381329	-31.839716
813.0	605.0	0.647493541	-36.1738205	-36.6761475
813.0	705.0	0.687857151	-40.4748192	-40.9777679
913.0	5.0	0.58314836	0.284691602	-0.217005819
913.0	105.0	0.586954951	-5.9662981	-6.51751041
913.0	205.0	0.597625792	-12.0715179	-12.6296473
913.0	305.0	0.614825547	-17.9053249	-18.4660606
913.0	405.0	0.638048172	-23.3743172	-23.936554
913.0	505.0	0.666683674	-28.4222641	-28.9855576
913.0	605.0	0.700087726	-33.0268898	-33.591011
913.0	705.0	0.737631261	-37.1923485	-37.7571716
1013.0	5.0	0.647019088	0.316108167	-0.217005029
1013.0	105.0	0.65051806	-5.32230377	-5.93409872
1013.0	205.0	0.660227239	-10.8528938	-11.4722233
1013.0	305.0	0.675898552	-16.1809673	-16.8031559
1013.0	405.0	0.697151482	-21.2315521	-21.8553963
1013.0	505.0	0.723510921	-25.9541473	-26.579155
1013.0	605.0	0.754460216	-30.3220577	-30.9479809
1013.0	705.0	0.789476752	-34.3287468	-34.9554405
1113.0	5.0	0.710889995	0.346450478	-0.325507283
1113.0	105.0	0.714141667	-4.78746128	-5.45989513
1113.0	205.0	0.723062754	-9.84029579	-10.5208483
1113.0	305.0	0.737463951	-14.7382374	-15.421896
1113.0	405.0	0.757052839	-19.4208412	-20.1062965
1113.0	505.0	0.781455159	-23.8441162	-24.5308437
1113.0	605.0	0.810252786	-27.980957	-28.6686859
1113.0	705.0	0.843011498	-31.8194427	-32.5080185
1213.0	5.0	0.774760842	0.377866745	-0.325505912
1213.0	105.0	0.777811885	-4.33505678	-5.06819201
1213.0	205.0	0.786076188	-8.98484039	-9.72663593
1213.0	305.0	0.799407959	-13.5136318	-14.2587719
1213.0	405.0	0.817576826	-17.8723145	-18.6193962
1213.0	505.0	0.840285301	-22.0230865	-22.7715416
1213.0	605.0	0.867191434	-25.9402714	-26.6898117
1213.0	705.0	0.897933364	-29.6096153	-30.3600731
1313.0	5.0	0.838631034	0.409282655	-0.325504243
1313.0	105.0	0.841517448	-3.94641685	-4.74031258
1313.0	205.0	0.849227726	-8.25185776	-9.05491829
1313.0	305.0	0.8616485	-12.461051	-13.2676859
1313.0	405.0	0.878594637	-16.5337391	-17.3424511
1313.0	505.0	0.899827361	-20.4375744	-21.2477646
1313.0	605.0	0.925064504	-24.1490726	-24.9604301
1313.0	705.0	0.954002738	-27.6533585	-28.4657059
1413.0	5.0	0.902500987	0.43962425	-0.434005201
1413.0	105.0	0.905250728	-3.60810947	-4.46285295
1413.0	205.0	0.912488699	-7.6161108	-8.48047829
1413.0	305.0	0.924125731	-11.5463333	-12.4144783
1413.0	405.0	0.940010309	-15.3654728	-16.2358322
1413.0	505.0	0.959949017	-19.0458641	-19.9177933
1413.0	605.0	0.98370713	-22.5664005	-23.439579
1413.0	705.0	1.01102853	-25.9125099	-26.786747
1513.0	5.0	0.966371179	0.471039832	-0.434003025
1513.0	105.0	0.969006121	-3.310215	-4.22586918
1513.0	205.0	0.975838125	-7.05880737	-7.98449993
1513.0	305.0	0.986794531	-10.743679	-11.6733494
1513.0	405.0	1.00175107	-14.3370132	-15.2690258
1513.0	505.0	1.02054775	-17.8151188	-18.7487984
1513.0	605.0	1.04298913	-21.1591797	-22.0941849
1513.0	705.0	1.06885779	-24.3554192	-25.2915554
