Distance Sea Floor [m]	Height DOM [m]	Time of Arrival [s]	Angle of Departure [degrees]	Angle of Arrival [degrees]
13.0	3.0	0.00830230117	0.00408377172	0.0
13.0	100.0	0.0625350773	-82.362587	-82.3666687
13.0	200.0	0.12622112	-86.2204742	-86.2267151
13.0	300.0	0.190165058	-87.4896393	-87.4964905
13.0	400.0	0.254224092	-88.12043	-88.1275635
13.0	500.0	0.318371773	-88.4976044	-88.5057449
13.0	600.0	0.382599026	-88.7484894	-88.7566223
13.0	700.0	0.446901828	-88.9274216	-88.9355545
100.0	3.0	0.0638638362	0.0314136259	2.18278728e-10
100.0	100.0	0.0890200064	-44.0961456	-44.1275406
100.0	200.0	0.141244695	-63.0557327	-63.1037178
100.0	300.0	0.200462997	-71.3603516	-71.4130402
100.0	400.0	0.262024641	-75.8307495	-75.8855591
100.0	500.0	0.324641317	-78.592392	-78.6549988
100.0	600.0	0.38783738	-80.4597931	-80.5223465
100.0	700.0	0.451399416	-81.8041534	-81.8666763
200.0	3.0	0.127727509	0.062827237	-6.1118044e-10
200.0	100.0	0.142032743	-25.8105888	-25.8733826
200.0	200.0	0.179477453	-44.5045013	-44.6004829
200.0	300.0	0.229043365	-55.9811554	-56.0865402
200.0	400.0	0.28450945	-63.1996574	-63.3092957
200.0	500.0	0.343065709	-68.0170593	-68.1422958
200.0	600.0	0.403402179	-71.4163132	-71.5414124
200.0	700.0	0.464855254	-73.9270477	-74.0520859
300.0	3.0	0.191590816	0.0942407995	2.91038305e-10
300.0	100.0	0.201463938	-17.8235569	-17.9177494
300.0	200.0	0.229453564	-33.1977615	-33.3417625
300.0	300.0	0.270036876	-44.618351	-44.7764473
300.0	400.0	0.318475813	-52.8292923	-52.9937553
300.0	500.0	0.371749282	-58.7903595	-58.9782066
300.0	600.0	0.428087771	-63.2262878	-63.4139442
300.0	700.0	0.486455202	-66.6185226	-66.806076
400.0	3.0	0.255454212	0.124576904	-0.108803779
400.0	100.0	0.262996912	-13.5064611	-13.7369261
400.0	200.0	0.285061955	-26.095171	-26.2872276
400.0	300.0	0.31868875	-36.4689102	-36.6797409
400.0	400.0	0.360694379	-44.6595955	-44.8788948
400.0	500.0	0.408536851	-51.0471458	-51.2976074
400.0	600.0	0.46042943	-56.0524406	-56.3026505
400.0	700.0	0.515175819	-60.0241165	-60.274189
500.0	3.0	0.319317788	0.155990094	-0.108803757
500.0	100.0	0.325443238	-10.8229418	-11.085885
500.0	200.0	0.343578517	-21.3480949	-21.5882607
500.0	300.0	0.372006178	-30.5540905	-30.8176804
500.0	400.0	0.408615202	-38.2936516	-38.5678177
500.0	500.0	0.45145154	-44.6716805	-44.9847565
500.0	600.0	0.498940527	-49.89711	-50.2098694
500.0	700.0	0.549902558	-54.1897507	-54.5023422
600.0	3.0	0.383181036	0.187403232	-0.108803637
600.0	100.0	0.388361633	-8.99588013	-9.29082489
600.0	200.0	0.403740585	-17.9891205	-18.2774563
600.0	300.0	0.428250015	-26.1479435	-26.4643288
600.0	400.0	0.460461378	-33.3041687	-33.6332169
600.0	500.0	0.49891454	-39.4489784	-39.8246689
600.0	600.0	0.542308271	-44.6691895	-45.0445023
600.0	700.0	0.589574993	-49.0897522	-49.4648628
700.0	3.0	0.447043896	0.217739016	-0.217607021
700.0	100.0	0.451553494	-7.67146969	-8.10500526
700.0	200.0	0.464909941	-15.4992294	-15.8358192
700.0	300.0	0.486406147	-22.7721119	-23.1413422
700.0	400.0	0.515048742	-29.3411407	-29.7250977
700.0	500.0	0.549749255	-35.1564636	-35.5947723
700.0	600.0	0.589461565	-40.241024	-40.6788864
700.0	700.0	0.633264303	-44.6584167	-45.0960464
800.0	3.0	0.510907173	0.24915193	-0.217606559
800.0	100.0	0.514920712	-6.66408873	-7.12952137
800.0	200.0	0.526733696	-13.584691	-14.0744448
800.0	300.0	0.54586345	-20.1174927	-20.5396156
800.0	400.0	0.571592391	-26.1434288	-26.5823269
800.0	500.0	0.603103518	-31.6011467	-32.102066
800.0	600.0	0.63956362	-36.4825211	-36.9829369
800.0	700.0	0.680196822	-40.8142471	-41.3143997
900.0	3.0	0.574770153	0.280564636	-0.217605889
900.0	100.0	0.578404188	-5.87076187	-6.36793804
900.0	200.0	0.589009404	-12.0662498	-12.6050911
900.0	300.0	0.6062392	-17.981699	-18.4567757
900.0	400.0	0.629565418	-23.5221577	-24.0160332
900.0	500.0	0.658364952	-28.6278	-29.1913376
900.0	600.0	0.691974282	-33.276825	-33.8397942
900.0	700.0	0.729746938	-37.4748077	-38.0374794
1000.0	3.0	0.638632715	0.311977148	-0.217605114
1000.0	100.0	0.641969264	-5.22822905	-5.75705194
1000.0	200.0	0.651605666	-10.8328571	-11.420722
1000.0	300.0	0.667284191	-16.2289848	-16.7570763
1000.0	400.0	0.68860662	-21.341238	-21.890131
1000.0	500.0	0.715091527	-26.1155396	-26.7416878
1000.0	600.0	0.746207058	-30.5251789	-31.1507034
1000.0	700.0	0.781416953	-34.5642929	-35.1894875
1100.0	3.0	0.702495277	0.342312425	-0.326407462
1100.0	100.0	0.705593109	-4.69692183	-5.36474419
1100.0	200.0	0.7144382	-9.81053734	-10.4474373
1100.0	300.0	0.728827	-14.7669125	-15.4523706
1100.0	400.0	0.748463392	-19.5019531	-20.1059113
1100.0	500.0	0.772960544	-23.9712963	-24.6600609
1100.0	600.0	0.801892221	-28.1466656	-28.8347435
1100.0	700.0	0.834813118	-32.016407	-32.7041245
1200.0	3.0	0.76635778	0.37372458	-0.326406121
1200.0	100.0	0.769263089	-4.24744368	-4.94688606
1200.0	200.0	0.777449489	-8.94865417	-9.6346426
1200.0	300.0	0.790757418	-13.5274429	-14.2666473
1200.0	400.0	0.808954477	-17.9317379	-18.5908089
1200.0	500.0	0.831733704	-22.1235046	-22.8748837
1200.0	600.0	0.858747482	-26.0759201	-26.8265514
1200.0	700.0	0.889624715	-29.7748051	-30.5250435
1300.0	3.0	0.830219746	0.405136466	-0.326404452
1300.0	100.0	0.832967281	-3.86189508	-4.59290838
1300.0	200.0	0.840599418	-8.21144199	-8.94663239
1300.0	300.0	0.852988124	-12.4638634	-13.2567816
1300.0	400.0	0.869947672	-16.5764904	-17.2907295
1300.0	500.0	0.891231835	-20.5168552	-21.3308468
1300.0	600.0	0.916554809	-24.260416	-25.0736046
1300.0	700.0	0.945605516	-27.7922935	-28.6050529
1400.0	3.0	0.894081831	0.435731947	-0.409513772
1400.0	100.0	0.896697044	-3.52774787	-4.39785385
1400.0	200.0	0.903859019	-7.57296658	-8.35747147
1400.0	300.0	0.915457726	-11.5409212	-12.3875542
1400.0	400.0	0.931343257	-15.395504	-16.2688789
1400.0	500.0	0.951318979	-19.1082954	-19.9848995
1400.0	600.0	0.975144804	-22.657959	-23.533699
1400.0	700.0	1.00255954	-26.0296631	-26.9049473
1500.0	100.0	0.960450292	-3.2328496	-4.13451147
1500.0	200.0	0.967205346	-7.01453733	-7.84603214
1500.0	300.0	0.978120446	-10.7320671	-11.6324482
1500.0	400.0	0.993068874	-14.3568745	-15.2860422
1500.0	500.0	1.01189005	-17.864006	-18.8032246
1500.0	600.0	1.03438449	-21.2345276	-22.1728249
1500.0	700.0	1.06033015	-24.4544258	-25.392231
