Travel Distance [m]	Absolute Travel Distance [m]
13.130000003996978	13.0
13.130000000268284	13.0
98.81275639974979	97.86725703727473
98.7898639085335	97.86725703727473
199.40417508026533	197.42846805868703
199.31039248707395	197.42846805868703
300.31679660033143	297.28437564056406
300.10390345669657	297.28437564056406
398.206172001558	397.2127893207871
398.20657636500886	397.2127893207871
502.2990682041269	497.16999104933916
501.7030313605839	497.16999104933916
603.3851964672715	597.141524263721
602.5252595082283	597.141524263721
705.0276142588476	697.121223317724
703.8538036918656	697.121223317724
101.00000000105763	100.0
101.0000000353772	100.0
140.6372742903651	139.31618714277246
140.63304084254307	139.31618714277246
223.08792712834946	220.92758994747578
223.07428757932644	220.92758994747578
316.4896029327823	313.38315206788
316.4604294633949	313.38315206788
410.42338158107395	409.40078163090993
410.42658601723565	409.40078163090993
512.1160895044283	506.96055073348657
512.0370202454831	506.96055073348657
611.4830259194532	605.3172721804657
611.3696236788446	605.3172721804657
711.2922447464175	704.1370605216005
711.1382496979063	704.1370605216005
202.0000000614634	200.0
202.0000000037675	200.0
224.3861580295717	222.28135324403618
224.38278659107144	222.28135324403618
283.4715612079052	280.7294070809113
283.4629005758168	280.7294070809113
361.5972828896254	358.0628436461957
361.58062203441875	358.0628436461957
445.64074746285394	444.5323385311804
445.6477033598358	444.5323385311804
541.1061046785948	535.7322092239741
541.0643350477982	535.7322092239741
635.9487775295884	629.6101968678715
635.8898096495674	629.6101968678715
732.474109043793	725.1268854483332
732.3948124782671	725.1268854483332
303.0000000266119	300.0
303.00000004298	300.0
318.27760271988814	315.2919282189127
318.27442363055883	315.2919282189127
362.4050699296562	358.8997074392789
362.39769577028085	358.8997074392789
426.304445600306	422.14807828533344
426.29135751819916	422.14807828533344
498.8419015714608	497.6032556163595
498.8535730600349	497.6032556163595
586.3622364226653	580.5247626070743
586.3320595300271	580.5247626070743
674.8610404588794	668.1384587044814
674.8193223893285	668.1384587044814
766.478444847926	758.8207957087101
766.4231269984989	758.8207957087101
404.00009018504505	400.0
404.000090514612	400.0
415.707084974195	411.59324581435976
415.70395410055517	411.59324581435976
450.23589727995187	445.88002870727456
450.2290357653237	445.88002870727456
503.1136245042969	498.20578077738116
503.10204760448204	498.20578077738116
564.9740380806275	563.5680970388582
564.9916466627525	563.5680970388582
644.3852776367978	637.9725699432539
644.360405317139	637.9725699432539
725.848601844022	718.6160309929079
725.8149489825745	718.6160309929079
811.7076627481308	803.6224237787295
811.6637274123561	803.6224237787295
505.00026660686956	500.0
505.000270734309	500.0
514.3890249888425	509.3220984799305
514.3859301427688	509.3220984799305
542.6584621664676	537.4095272694744
542.6518580615214	537.4095272694744
587.2841296783115	581.5573918367817
587.2733283705921	581.5573918367817
640.0252619904259	638.4426364208456
640.050165507276	638.4426364208456
712.0650652408387	704.9886523909445
712.0430781000902	704.9886523909445
786.5561159480694	778.7226720726705
786.5269422331442	778.7226720726705
866.4085815380832	857.7930985966254
866.3710656856626	857.7930985966254
606.0006154525925	600.0
606.0006263024598	600.0
613.81073976842	607.7902598758884
613.8076694316331	607.7902598758884
637.68192782034	631.513261935171
637.6754747974853	631.513261935171
676.0798128705387	669.4841297596232
676.0694617891706	669.4841297596232
721.228014380526	719.4504847451283
721.261639553599	719.4504847451283
786.9287949434428	779.1078230899751
786.9085460994243	779.1078230899751
854.9207170997429	846.4094753722928
854.8942929778242	846.4094753722928
928.9201383040545	919.6787482594126
928.8866196015107	919.6787482594126
707.0013246873372	700.0
707.0013236742744	700.0
713.7625878898544	706.6887575163482
713.7595142590582	706.6887575163482
734.2952391642194	727.19254671648
734.2888866609868	727.19254671648
767.8864833744301	760.4005523406727
767.8764194770192	760.4005523406727
806.7069004107376	804.7415734259042
806.7507003106846	804.7415734259042
867.1191109522995	858.492283017151
867.0999858136124	858.492283017151
929.2466987395538	920.0048912913453
929.2220812739856	920.0048912913453
997.7710066657031	987.8304510390434
997.740146525	987.8304510390434
808.0019462642491	800.0
808.0019475829413	800.0
813.9158432671911	805.8591688378311
813.9127791119537	805.8591688378311
832.1504882917135	823.8986588167261
832.1441282156744	823.8986588167261
861.7565516737238	853.3516274080691
861.7466835023074	853.3516274080691
895.2921091418184	893.0895811731318
895.347551954958	893.0895811731318
951.262097474418	941.8115522757194
951.2437402080769	941.8115522757194
1008.2412111140808	998.2028851891783
1008.217839477321	998.2028851891783
1071.7055537970034	1061.0414695006034
1071.6765516042383	1061.0414695006034
909.0025644725429	900.0
909.0025716326269	900.0
914.2430182183466	905.2121298347697
914.2399649482124	905.2121298347697
930.529292783927	921.3083088738535
930.5229805955603	921.3083088738535
957.0726403484146	947.7388880910185
957.0629147135645	947.7388880910185
986.0483925818935	983.6711848986937
986.1169267897035	983.6711848986937
1038.433438242035	1028.1094299732883
1038.4156252240737	1028.1094299732883
1090.8620520779573	1080.0041666586292
1090.8395755213464	1080.0041666586292
1149.7785740807062	1138.33606637056
1149.7509169217465	1138.33606637056
1010.0033496144381	1000.0
1010.0033651507426	1000.0
1014.6940873444212	1004.6934855964778
1014.6910467528337	1004.6934855964778
1029.4113273191845	1019.2197996506936
1029.4050546049905	1019.2197996506936
1053.4439075347987	1043.1725648232893
1053.4342913648215	1043.1725648232893
1078.5744548941498	1075.9223949709385
1078.6575407059381	1075.9223949709385
1127.915392740182	1116.695571765197
1127.8979794564934	1116.695571765197
1176.3544202054832	1164.6497327522984
1176.3326067524422	1164.6497327522984
1231.1929833190943	1218.9376522201617
1231.1663299503582	1218.9376522201617
1111.0059747416149	1100.0
1111.0059733339046	1100.0
1115.3224380436263	1104.268536181304
1115.3193813544563	1104.268536181304
1128.6614885642255	1117.5012304243785
1128.655251129759	1117.5012304243785
1150.8132242821007	1139.389748944583
1150.8035749340663	1139.389748944583
1172.2934928041573	1169.4481604585985
1172.3925444389542	1169.4481604585985
1219.1870839080318	1207.0662782134211
1219.1699735599425	1207.0662782134211
1264.1454905369665	1251.5626232833897
1264.1241804851543	1251.5626232833897
1315.3348874345402	1302.2323141436784
1315.3090013407675	1302.2323141436784
1212.0073343433949	1200.0
1212.007337311186	1200.0
1215.9533331254695	1203.9140334758126
1215.9502832195972	1203.9140334758126
1228.1988544634435	1216.062909556903
1228.1926487119358	1216.062909556903
1248.6023830939318	1236.2075068531174
1248.59279561423	1236.2075068531174
1267.0127108160596	1263.9655849745277
1267.129134711944	1263.9655849745277
1311.8933537573512	1298.8491059395622
1311.876476964734	1298.8491059395622
1353.7626016103454	1340.3018316782232
1353.7416843303445	1340.3018316782232
1401.6802345354322	1387.7352052895394
1401.654950011442	1387.7352052895394
1313.0086897715398	1300.0
1313.0087006248211	1300.0
1316.6358426265033	1303.6138231853788
1316.6328011615674	1303.6138231853788
1327.9546015884077	1314.8418155808706
1327.9484266241907	1314.8418155808706
1346.8567419820192	1333.4950318617614
1346.847207584743	1333.4950318617614
1362.4788774755893	1359.2678176135857
1362.6140458759503	1359.2678176135857
1405.7362103213056	1391.7647071254537
1405.7195184284012	1391.7647071254537
1444.8944416055617	1430.527525075977
1444.8738344517935	1430.527525075977
1489.8802923823432	1475.06237156264
1489.8554856091678	1475.06237156264
1414.0127546826932	1400.0
1414.0127228376284	1400.0
1417.4119237841378	1403.3563339366092
1417.408869348147	1403.3563339366092
1427.880474601655	1413.7924175776302
1427.8743305024739	1413.7924175776302
1445.4972318611976	1431.156525331873
1445.4877423840944	1431.156525331873
1458.6920030121623	1455.200673446793
1458.8472968738336	1455.200673446793
1500.5208889858989	1485.6005519654332
1500.5043443085005	1485.6005519654332
1537.267502843406	1521.9753611671906
1537.2471447188345	1521.9753611671906
1579.626412666332	1563.9082453903745
1579.6019908931776	1563.9082453903745
1518.182191815313	1503.133061308945
1518.1791415525238	1503.133061308945
1519.8564865237327	1512.881026386411
1520.0509966372733	1512.881026386411
1544.4319850395843	1529.1203353562466
1544.422537417394	1529.1203353562466
1555.2670466451036	1551.647189279831
1555.443754738542	1551.647189279831
1596.0651142961146	1580.192709766755
1596.0486898383865	1580.192709766755
1630.6539076621411	1614.4376729994874
1630.6337539072385	1614.4376729994874
1670.6530205311076	1654.02811342492
1670.628914568845	1654.02811342492
