Distance Sea Floor [m]	Height DOM [m]	Arrival Time [s]	Angle of Departure [degrees]	Angle of Arrival [degrees]
50.0	3.0	0.03300336	3.44474649	3.43363047
50.0	100.0	0.0701813996	-61.9797096	-61.9908218
50.0	200.0	0.132120579	-75.5354919	-75.5589981
50.0	300.0	0.196775809	-80.3350906	-80.3557892
50.0	400.0	0.262202919	-82.753685	-82.7801971
50.0	500.0	0.327990294	-84.2060013	-84.2361526
50.0	600.0	0.393998235	-85.1734772	-85.2015076
50.0	700.0	0.460158199	-85.8639297	-85.8955765
50.0	800.0	0.526439369	-86.3813019	-86.4126587
50.0	900.0	0.592829764	-86.783371	-86.8148575
50.0	1000.0	0.659312844	-87.1047363	-87.1346741
100.0	3.0	0.0659178644	1.74058986	1.71835804
100.0	100.0	0.0904662088	-43.2063141	-43.2285309
100.0	200.0	0.14393577	-62.7060509	-62.7510605
100.0	300.0	0.204903364	-71.1888046	-71.246521
100.0	400.0	0.268363953	-75.7307281	-75.7831268
100.0	500.0	0.3329418	-78.5272522	-78.5870819
100.0	600.0	0.398132265	-80.4139175	-80.4781342
100.0	700.0	0.463708758	-81.77005	-81.8333511
100.0	800.0	0.529549181	-82.7908859	-82.8535843
100.0	900.0	0.595596194	-83.5866089	-83.6495819
100.0	1000.0	0.661804259	-84.2239761	-84.2838287
150.0	3.0	0.0988520756	1.17878056	1.11271906
150.0	100.0	0.116683453	-32.0398254	-32.1083832
150.0	200.0	0.161721036	-52.251812	-52.3156319
150.0	300.0	0.217777804	-62.9296074	-63.0131989
150.0	400.0	0.278329492	-69.1156998	-69.1928253
150.0	500.0	0.341034561	-73.0657883	-73.1543884
150.0	600.0	0.404932261	-75.7827454	-75.8782501
150.0	700.0	0.469566643	-77.7580338	-77.8529739
150.0	800.0	0.534692049	-79.2557144	-79.3497467
150.0	900.0	0.60017848	-80.4288177	-80.5232773
150.0	1000.0	0.665935874	-81.3717117	-81.4614944
200.0	3.0	0.131791234	0.903430462	0.82625401
200.0	100.0	0.145665243	-25.1268654	-25.2089691
200.0	200.0	0.183751091	-44.0776978	-44.1580124
200.0	300.0	0.234618276	-55.7205963	-55.8274956
200.0	400.0	0.291709989	-63.0310059	-63.1314201
200.0	500.0	0.352052093	-67.9007874	-68.0169678
200.0	600.0	0.414264709	-71.3316879	-71.45755
200.0	700.0	0.477646977	-73.8628235	-73.9893875
200.0	800.0	0.541810036	-75.800293	-75.9256592
200.0	900.0	0.606535673	-77.327774	-77.4537125
200.0	1000.0	0.671677351	-78.5611801	-78.6808929
250.0	3.0	0.164732367	0.742642999	0.65435493
250.0	100.0	0.176051527	-20.5474548	-20.6419983
250.0	200.0	0.208684593	-37.7490692	-37.8820648
250.0	300.0	0.254639208	-49.5575027	-49.6853333
250.0	400.0	0.308058083	-57.534256	-57.6853218
250.0	500.0	0.365730166	-63.084362	-63.2267532
250.0	600.0	0.425963312	-67.1000366	-67.2551804
250.0	700.0	0.487839341	-70.1131439	-70.2713165
250.0	800.0	0.55082649	-72.4457474	-72.6024246
250.0	900.0	0.61461252	-74.2992554	-74.4566574
250.0	1000.0	0.678987861	-75.8044205	-75.9540405
300.0	3.0	0.197674483	0.638818324	0.506702363
300.0	100.0	0.207224846	-17.3269844	-17.4727211
300.0	200.0	0.23560296	-32.8138428	-32.9630775
300.0	300.0	0.27715233	-44.341011	-44.4877625
300.0	400.0	0.326933146	-52.6294594	-52.8047562
300.0	500.0	0.381782949	-58.6426239	-58.8097763
300.0	600.0	0.439839214	-63.113945	-63.2971573
300.0	700.0	0.500014544	-66.5307388	-66.72052
300.0	800.0	0.561650217	-69.2092819	-69.3972778
300.0	900.0	0.624342382	-71.3567429	-71.5456161
300.0	1000.0	0.687817335	-73.1120224	-73.2915497
350.0	3.0	0.230617151	0.568038285	0.424818575
350.0	100.0	0.238877878	-14.9504223	-15.1083031
350.0	200.0	0.263899237	-28.9103546	-29.0744152
350.0	300.0	0.30159831	-39.9367485	-40.1404724
350.0	400.0	0.347922564	-48.286129	-48.4837532
350.0	500.0	0.399921715	-54.5803375	-54.8014412
350.0	600.0	0.455693513	-59.3872566	-59.5973206
350.0	700.0	0.514031768	-63.1303024	-63.3516731
350.0	800.0	0.574178755	-66.1039505	-66.3232422
350.0	900.0	0.635649204	-68.5111847	-68.7315063
350.0	1000.0	0.698108375	-70.4930115	-70.702446
400.0	3.0	0.263560146	0.517722905	0.363403499
400.0	100.0	0.270842314	-13.12957	-13.2992697
400.0	200.0	0.293174773	-25.7718639	-25.9497795
400.0	300.0	0.327547163	-36.2085724	-36.430645
400.0	400.0	0.370667279	-44.4543724	-44.6726685
400.0	500.0	0.419881463	-50.8855896	-51.131649
400.0	600.0	0.473327637	-55.9234772	-56.1591606
400.0	700.0	0.529744744	-59.9200439	-60.1730118
400.0	800.0	0.588303328	-63.1387253	-63.3893127
400.0	900.0	0.648450494	-65.7709198	-66.0226898
400.0	1000.0	0.709797144	-67.9546509	-68.193985
450.0	3.0	0.296503365	0.480723143	0.282587647
450.0	100.0	0.303019136	-11.6921244	-11.9136581
450.0	200.0	0.323162138	-23.2071705	-23.4420223
450.0	300.0	0.35466826	-33.0368423	-33.2758865
450.0	400.0	0.394862503	-41.0772629	-41.3138046
450.0	500.0	0.441412807	-47.5371284	-47.8066368
450.0	600.0	0.492549092	-52.7180977	-52.977684
450.0	700.0	0.547007322	-56.9025497	-57.18713
450.0	800.0	0.603911698	-60.3188324	-60.6007195
450.0	900.0	0.662659824	-63.1417961	-63.4250069
450.0	1000.0	0.722815931	-65.5025787	-65.7718124
500.0	3.0	0.329446793	0.453590572	0.244366691
500.0	100.0	0.335347891	-10.5284653	-10.7616758
500.0	200.0	0.353682309	-21.0789433	-21.3273163
500.0	300.0	0.382712543	-30.3207397	-30.5757065
500.0	400.0	0.420259655	-38.0972099	-38.3949738
500.0	500.0	0.464297146	-44.5078545	-44.7994652
500.0	600.0	0.513179779	-49.7608681	-50.0764771
500.0	700.0	0.56567806	-54.0759735	-54.392086
500.0	800.0	0.620892286	-57.646244	-57.9594383
500.0	900.0	0.678188503	-60.6273384	-60.9419975
500.0	1000.0	0.737093866	-63.1408005	-63.4398155
550.0	3.0	0.36239025	0.433402181	0.213095605
550.0	100.0	0.367788374	-9.56768799	-9.81244278
550.0	200.0	0.384607732	-19.2888641	-19.550272
550.0	300.0	0.411489427	-27.9784241	-28.293993
550.0	400.0	0.446653962	-35.4611816	-35.7778091
550.0	500.0	0.488344431	-41.7685089	-42.0810242
550.0	600.0	0.53505969	-47.0373764	-47.3773575
550.0	700.0	0.585621953	-51.434906	-51.7825394
550.0	800.0	0.639135838	-55.1202202	-55.4646912
550.0	900.0	0.694948018	-58.2290497	-58.5751572
550.0	1000.0	0.752558649	-60.8718491	-61.2002792
600.0	3.0	0.395333886	0.418094099	0.153988943
600.0	100.0	0.400312781	-8.76132107	-9.05808258
600.0	200.0	0.415846884	-17.7648849	-18.0841312
600.0	300.0	0.440858454	-25.9429588	-26.2739925
600.0	400.0	0.473878294	-33.1219749	-33.4564629
600.0	500.0	0.513388157	-39.2902641	-39.6633682
600.0	600.0	0.558039844	-44.5317116	-44.8949852
600.0	700.0	0.606713414	-48.9715271	-49.3506889
600.0	800.0	0.658537388	-52.7378159	-53.1135254
600.0	900.0	0.712851942	-55.9466934	-56.3242493
600.0	1000.0	0.769139469	-58.6968422	-59.0545921
650.0	3.0	0.428277493	0.407113224	0.131940335
650.0	100.0	0.432903051	-8.07402706	-8.38225746
650.0	200.0	0.447335839	-16.4524384	-16.7844963
650.0	300.0	0.470707595	-24.1619682	-24.5078278
650.0	400.0	0.501795113	-31.0388298	-31.4357719
650.0	500.0	0.539295077	-37.0445251	-37.4381523
650.0	600.0	0.581990182	-42.2269592	-42.612545
650.0	700.0	0.62883693	-46.6764641	-47.087162
650.0	800.0	0.678997397	-50.4944382	-50.9013824
650.0	900.0	0.731816351	-53.7786293	-54.1875801
650.0	1000.0	0.786765814	-56.6157837	-57.0027618
700.0	3.0	0.461221159	0.399277627	0.113044485
700.0	100.0	0.465544999	-7.48139095	-7.80101728
700.0	200.0	0.479024619	-15.3114643	-15.6560678
700.0	300.0	0.500949264	-22.5935192	-23.0010777
700.0	400.0	0.530299485	-29.1754551	-29.5897713
700.0	500.0	0.565944076	-35.0060349	-35.4192734
700.0	600.0	0.606792212	-40.1066551	-40.5514145
700.0	700.0	0.651887417	-44.5394363	-44.9816971
700.0	800.0	0.700423121	-48.384346	-48.8225327
700.0	900.0	0.751760721	-51.7220268	-52.1623688
700.0	1000.0	0.805370748	-54.6276855	-55.0695953
750.0	3.0	0.494164824	0.393630505	0.0636216328
750.0	100.0	0.498228014	-6.96530914	-7.33699894
750.0	200.0	0.510874987	-14.3112316	-14.7140408
750.0	300.0	0.531519532	-21.2025204	-21.6245632
750.0	400.0	0.559299469	-27.5022469	-27.9332523
750.0	500.0	0.59323281	-33.151947	-33.5819511
750.0	600.0	0.632352173	-38.1537628	-38.6204987
750.0	700.0	0.675770402	-42.5498772	-43.0236473
750.0	800.0	0.72272867	-46.4010315	-46.870472
750.0	900.0	0.772608995	-49.7732162	-50.2449532
750.0	1000.0	0.824887097	-52.7307625	-53.2035789
800.0	3.0	0.52710855	0.390350521	0.0493000932
800.0	100.0	0.530945361	-6.51092005	-6.89395666
800.0	200.0	0.54286021	-13.4266853	-13.8418961
800.0	300.0	0.562363446	-19.9619846	-20.3981133
800.0	400.0	0.588721752	-25.9937553	-26.4406586
800.0	500.0	0.621080697	-31.4609985	-31.9559174
800.0	600.0	0.658578873	-36.3532562	-36.8412018
800.0	700.0	0.700400472	-40.6971283	-41.2023849
800.0	800.0	0.745835066	-44.537571	-45.0382805
800.0	900.0	0.794290066	-47.9279633	-48.4310913
800.0	1000.0	0.845251083	-50.9226303	-51.4262733
850.0	3.0	0.560052276	0.388751447	0.0366686694
850.0	100.0	0.563690603	-6.10792923	-6.50226831
850.0	200.0	0.574957132	-12.6393356	-13.0667801
850.0	300.0	0.593436658	-18.8499489	-19.2972183
850.0	400.0	0.618504047	-24.628706	-25.1396122
850.0	500.0	0.649414897	-29.9149971	-30.4284191
850.0	600.0	0.685395598	-34.6909332	-35.1993675
850.0	700.0	0.725701451	-38.970829	-39.5075836
850.0	800.0	0.769670546	-42.7868958	-43.3188362
850.0	900.0	0.816737592	-46.1815872	-46.7161255
850.0	1000.0	0.866402984	-49.2004128	-49.7348099
900.0	3.0	0.592996001	0.388225436	-0.00760494545
900.0	100.0	0.596458733	-5.74830723	-6.19472027
900.0	200.0	0.607146859	-11.9344378	-12.4202614
900.0	300.0	0.624707758	-17.847126	-18.3593407
900.0	400.0	0.648600817	-23.3879871	-23.9147205
900.0	500.0	0.678174019	-28.4979172	-29.0292549
900.0	600.0	0.712732553	-33.1542511	-33.7237549
900.0	700.0	0.75160563	-37.3611031	-37.9293861
900.0	800.0	0.794169366	-41.1418724	-41.7050247
900.0	900.0	0.839890122	-44.5291977	-45.0951614
900.0	1000.0	0.888286471	-47.560894	-48.1259842
950.0	3.0	0.625939727	0.389202505	-0.017637806
950.0	100.0	0.629247069	-5.42450762	-5.88218307
950.0	200.0	0.63941741	-11.2988739	-11.796833
950.0	300.0	0.656147361	-16.9388351	-17.4646358
950.0	400.0	0.67896831	-22.2565098	-22.7986641
950.0	500.0	0.707303166	-27.196104	-27.7912445
950.0	600.0	0.740538478	-31.7305145	-32.3202362
950.0	700.0	0.778052747	-35.8586922	-36.4584999
950.0	800.0	0.819271684	-39.5955315	-40.1899033
950.0	900.0	0.86369133	-42.9658585	-43.5632095
950.0	1000.0	0.910848737	-46.0006256	-46.5963554
1000.0	3.0	0.658883452	0.391179085	-0.0266599823
1000.0	100.0	0.662052095	-5.13162041	-5.60052395
1000.0	200.0	0.671756029	-10.7232304	-11.2332134
1000.0	300.0	0.687731981	-16.1126881	-16.6509762
1000.0	400.0	0.709569335	-21.2215195	-21.8280258
1000.0	500.0	0.736764073	-25.9962387	-26.6090088
1000.0	600.0	0.768759251	-30.4094238	-31.0188217
1000.0	700.0	0.804989576	-34.4549675	-35.0862465
1000.0	800.0	0.844924033	-38.1411552	-38.766861
1000.0	900.0	0.888088822	-41.486557	-42.1152687
1000.0	1000.0	0.934040606	-44.5160332	-45.1423492
1050.0	3.0	0.691827178	0.393685311	-0.0678680539
1050.0	100.0	0.694871008	-4.86568117	-5.38664913
1050.0	200.0	0.704152465	-10.1997824	-10.7682285
1050.0	300.0	0.719441652	-15.3582458	-15.9599915
1050.0	400.0	0.740379453	-20.2707539	-20.8924675
1050.0	500.0	0.766515851	-24.8879204	-25.5178871
1050.0	600.0	0.797347665	-29.1818314	-29.8531418
1050.0	700.0	0.832368135	-33.1418457	-33.8046112
1050.0	800.0	0.871077299	-36.7723579	-37.4294128
1050.0	900.0	0.913034737	-40.0863724	-40.7464561
1050.0	1000.0	0.957816839	-43.1035194	-43.7603416
1100.0	3.0	0.724770904	0.397255361	-0.0752708316
1100.0	100.0	0.727702856	-4.62226391	-5.15442324
1100.0	200.0	0.736601114	-9.72084904	-10.3012447
1100.0	300.0	0.751262963	-14.666132	-15.2811089
1100.0	400.0	0.771371365	-19.3950348	-20.0316563
1100.0	500.0	0.796522796	-23.862133	-24.5564823
1100.0	600.0	0.82627207	-28.0382805	-28.7290001
1100.0	700.0	0.860146284	-31.9119453	-32.6062164
1100.0	800.0	0.897688568	-35.4831696	-36.1715355
1100.0	900.0	0.938485086	-38.7605438	-39.4520416
1100.0	1000.0	0.9821347	-41.7594452	-42.4466934
1150.0	3.0	0.757714629	0.401465595	-0.0820203722
1150.0	100.0	0.760545552	-4.39884949	-4.94217157
1150.0	200.0	0.769094169	-9.28129387	-9.87355804
1150.0	300.0	0.783180892	-14.0292606	-14.6573019
1150.0	400.0	0.802521825	-18.586525	-19.2878304
1150.0	500.0	0.826762915	-22.9095993	-23.6209126
1150.0	600.0	0.855495036	-26.9714108	-27.6811295
1150.0	700.0	0.888286829	-30.7585297	-31.4843063
1150.0	800.0	0.924717665	-34.2678909	-34.9875488
1150.0	900.0	0.964400113	-37.5044975	-38.2273712
1150.0	1000.0	1.00695491	-40.4802094	-41.1978378
1200.0	3.0	0.790658236	0.405909359	-0.121252358
1200.0	100.0	0.793397188	-4.19336128	-4.78872395
1200.0	200.0	0.801625371	-8.87681389	-9.52757549
1200.0	300.0	0.815182388	-13.4417334	-14.1325092
1200.0	400.0	0.833817482	-17.8370419	-18.553093
1200.0	500.0	0.857208788	-22.0234566	-22.7514038
1200.0	600.0	0.88498652	-25.9743805	-26.7019844
1200.0	700.0	0.916756272	-29.6754341	-30.4326763
1200.0	800.0	0.952129006	-33.1212158	-33.8721733
1200.0	900.0	0.990743101	-36.3138809	-37.0681458
1200.0	1000.0	1.03224099	-39.2623062	-40.0103149
1250.0	3.0	0.823601842	0.411170006	-0.126921803
1250.0	100.0	0.826257586	-4.00287724	-4.60936546
1250.0	200.0	0.834192216	-8.50245857	-9.16502762
1250.0	300.0	0.847261369	-12.8971653	-13.6009121
1250.0	400.0	0.865240455	-17.1408615	-17.8714371
1250.0	500.0	0.887837589	-21.1975174	-21.9393559
1250.0	600.0	0.914718986	-25.0412788	-25.8322296
1250.0	700.0	0.945524871	-28.6569805	-29.4456997
1250.0	800.0	0.979890585	-32.0382347	-32.8205109
1250.0	900.0	1.01748168	-35.184639	-35.9702377
1250.0	1000.0	1.05795956	-38.1023636	-38.8806839
1300.0	3.0	0.856545508	0.416863561	-0.132143587
1300.0	100.0	0.859125495	-3.82606769	-4.44365692
1300.0	200.0	0.866789699	-8.15530205	-8.82961559
1300.0	300.0	0.879407644	-12.3913984	-13.1079865
1300.0	400.0	0.896774769	-16.4930668	-17.2885323
1300.0	500.0	0.918632746	-20.4258194	-21.234972
1300.0	600.0	0.944674373	-24.1658268	-24.9752197
1300.0	700.0	0.974565923	-27.6980209	-28.51824
1300.0	800.0	1.00797355	-31.0144024	-31.8280048
1300.0	900.0	1.04458475	-34.1128044	-34.9297409
1300.0	1000.0	1.08407986	-36.997139	-37.8057442
1350.0	3.0	0.889489114	0.422615618	-0.170023516
1350.0	100.0	0.891999245	-3.66182542	-4.33141994
1350.0	200.0	0.899413407	-7.83285856	-8.56567287
1350.0	300.0	0.911612511	-11.9208546	-12.7002563
1350.0	400.0	0.928413868	-15.8879156	-16.697773
1350.0	500.0	0.949579298	-19.7031326	-20.5284805
1350.0	600.0	0.974829435	-23.3434067	-24.1709366
1350.0	700.0	1.00385594	-26.7939224	-27.6456223
1350.0	800.0	1.0363518	-30.0455627	-30.8904419
1350.0	900.0	1.0720247	-33.0947113	-33.942997
1350.0	1000.0	1.11057377	-35.9435501	-36.7823944
1400.0	3.0	0.922432661	0.429035008	-0.174486101
1400.0	100.0	0.924879491	-3.5080266	-4.18868351
1400.0	200.0	0.932062626	-7.53165722	-8.27616119
1400.0	300.0	0.943873286	-11.4810677	-12.2732334
1400.0	400.0	0.960145175	-15.3217735	-16.1458549
1400.0	500.0	0.980661392	-19.025219	-19.8665314
1400.0	600.0	1.00516284	-22.5700512	-23.4605427
1400.0	700.0	1.03337395	-25.9404354	-26.823597
1400.0	800.0	1.06500161	-29.1277752	-30.0039368
1400.0	900.0	1.09977639	-32.1269226	-33.0065765
1400.0	1000.0	1.13741529	-34.9386787	-35.8077011
1450.0	3.0	0.955376148	0.435759068	-0.178627342
1450.0	100.0	0.957764983	-3.36398435	-4.05567884
1450.0	200.0	0.964733839	-7.25000191	-8.00614166
1450.0	300.0	0.97618258	-11.0694895	-11.87432
1450.0	400.0	0.991957307	-14.791503	-15.6806059
1450.0	500.0	1.01186395	-18.3886395	-19.2950325
1450.0	600.0	1.03566575	-21.8408222	-22.7493095
1450.0	700.0	1.0631007	-25.1336498	-26.0482864
1450.0	800.0	1.09390163	-28.2574539	-29.1649075
1450.0	900.0	1.12781668	-31.2062397	-32.1172791
1450.0	1000.0	1.16458011	-33.9796829	-34.8788567
1500.0	3.0	0.988319755	0.442431837	-0.215537801
1500.0	100.0	0.990654588	-3.22913074	-3.97278881
1500.0	200.0	0.997423768	-6.98643303	-7.80106258
1500.0	300.0	1.00853419	-10.6839199	-11.5516033
1500.0	400.0	1.02384746	-14.2928658	-15.196085
1500.0	500.0	1.04318154	-17.7888699	-18.7111111
1500.0	600.0	1.06631994	-21.1525364	-22.0787773
1500.0	700.0	1.09301901	-24.3700485	-25.3161812
1500.0	800.0	1.12303233	-27.4312973	-28.3700676
1500.0	900.0	1.15612483	-30.3297272	-31.2720985
1500.0	1000.0	1.19204605	-33.0639267	-33.9932442
1550.0	3.0	1.02126324	0.449675679	-0.219122291
1550.0	100.0	1.02354896	-3.1017952	-3.85645103
1550.0	200.0	1.03013265	-6.73834562	-7.56456089
1550.0	300.0	1.04092753	-10.3210297	-11.2013092
1550.0	400.0	1.05580616	-13.8235302	-14.7407331
1550.0	500.0	1.07460141	-17.2232533	-18.1611557
1550.0	600.0	1.09710979	-20.5024223	-21.4918613
1550.0	700.0	1.12311399	-23.6464806	-24.6240654
1550.0	800.0	1.15237665	-26.646328	-27.6163692
1550.0	900.0	1.18468165	-29.494545	-30.468256
1550.0	1000.0	1.21979296	-32.1889114	-33.1483612
1600.0	3.0	1.05420673	0.457140744	-0.222467214
1600.0	100.0	1.05644727	-2.98166323	-3.74729204
1600.0	200.0	1.06285775	-6.5047617	-7.34251642
1600.0	300.0	1.07335711	-9.97925377	-10.8720474
1600.0	400.0	1.08782554	-13.3814106	-14.3076286
1600.0	500.0	1.10611188	-16.6894932	-17.692627
1600.0	600.0	1.12803054	-19.8866405	-20.8937073
1600.0	700.0	1.15337157	-22.95998	-23.9690189
1600.0	800.0	1.1819185	-25.8997078	-26.9010143
1600.0	900.0	1.21346915	-28.6980934	-29.7031555
1600.0	1000.0	1.24780166	-31.3522816	-32.3418617
1650.0	3.0	1.0871501	0.464481771	-0.25865531
1650.0	100.0	1.08934855	-2.86848545	-3.68602824
1650.0	200.0	1.09559655	-6.28484249	-7.18105793
1650.0	300.0	1.10581791	-9.65723419	-10.6128922
1650.0	400.0	1.1199038	-12.9634466	-13.9596405
1650.0	500.0	1.13771117	-16.1840611	-17.2027569
1650.0	600.0	1.15906858	-19.3029556	-20.3274593
1650.0	700.0	1.18377912	-22.307869	-23.3483791
1650.0	800.0	1.21164334	-25.1888504	-26.2214317
1650.0	900.0	1.24247169	-27.9379616	-28.9743862
1650.0	1000.0	1.27605557	-30.5518951	-31.5715542
1700.0	3.0	1.12009346	0.472329199	-0.261577249
1700.0	100.0	1.12225342	-2.76086473	-3.58933783
1700.0	200.0	1.12835002	-6.07650757	-6.98421192
1700.0	300.0	1.13831079	-9.35235214	-10.3204641
1700.0	400.0	1.152035	-12.5679274	-13.5779028
1700.0	500.0	1.16938949	-15.7051868	-16.7392902
1700.0	600.0	1.19021106	-18.7494431	-19.8373108
1700.0	700.0	1.21432543	-21.6877289	-22.7597103
1700.0	800.0	1.24153781	-24.5113792	-25.5752525
1700.0	900.0	1.27167428	-27.2119122	-28.279707
1700.0	1000.0	1.30453861	-29.7856579	-30.835371
1750.0	3.0	1.15303683	0.480340838	-0.264314711
1750.0	100.0	1.15516114	-2.65871382	-3.4980917
1750.0	200.0	1.16111588	-5.87922573	-6.79837799
1750.0	300.0	1.17083132	-9.06366539	-10.044158
1750.0	400.0	1.18421268	-12.193449	-13.2130919
1750.0	500.0	1.2011373	-15.2513332	-16.3507671
1750.0	600.0	1.22145712	-18.2230206	-19.3282185
1750.0	700.0	1.24500084	-21.0973721	-22.2007961
1750.0	800.0	1.27159047	-23.8651485	-24.960289
1750.0	900.0	1.30106378	-26.5179024	-27.617033
1750.0	1000.0	1.33323574	-29.0516109	-30.1313744
1800.0	3.0	1.18598008	0.48817876	-0.299946934
1800.0	100.0	1.18807113	-2.5619812	-3.45321703
1800.0	200.0	1.19389176	-5.69254637	-6.67012024
1800.0	300.0	1.20337558	-8.79035664	-9.83370876
1800.0	400.0	1.21643555	-11.8379335	-12.9267578
1800.0	500.0	1.2329551	-14.8196535	-15.934413
1800.0	600.0	1.25279534	-17.7221336	-18.8445015
1800.0	700.0	1.2757951	-20.5347214	-21.66959
1800.0	800.0	1.30179	-23.2481346	-24.3745232
1800.0	900.0	1.33062768	-25.8539524	-26.9844246
1800.0	1000.0	1.36213338	-28.3479347	-29.4577484
1850.0	3.0	1.21892345	0.496477544	-0.302353084
1850.0	100.0	1.2209841	-2.46944308	-3.37153816
1850.0	200.0	1.22667909	-5.51472473	-6.50369549
1850.0	300.0	1.23594522	-8.53026867	-9.58594513
1850.0	400.0	1.2486999	-11.499877	-12.6023121
1850.0	500.0	1.26483488	-14.4089775	-15.5389347
1850.0	600.0	1.284217	-17.2452755	-18.3806381
1850.0	700.0	1.30670035	-19.9979095	-21.164238
1850.0	800.0	1.3321265	-22.6584549	-23.8161068
1850.0	900.0	1.3603543	-25.2182655	-26.380085
1850.0	1000.0	1.39121926	-27.6729374	-28.8128014
1900.0	3.0	1.2518667	0.504900336	-0.304613173
1900.0	100.0	1.25389922	-2.38115644	-3.29408431
1900.0	200.0	1.25947618	-5.34551668	-6.3458457
1900.0	300.0	1.26853633	-8.28286362	-9.35080147
1900.0	400.0	1.28100097	-11.1784	-12.2909794
1900.0	500.0	1.2967689	-14.0183029	-15.2136545
1900.0	600.0	1.31571901	-16.7904377	-17.9933701
1900.0	700.0	1.33770883	-19.4852638	-20.6830349
1900.0	800.0	1.36259055	-22.0943928	-23.2833176
1900.0	900.0	1.39023328	-24.6091614	-25.8023434
1900.0	1000.0	1.42048192	-27.0250359	-28.1949368
1950.0	3.0	1.28480983	0.513114214	-0.339805365
1950.0	100.0	1.28681588	-2.29719758	-3.26192164
1950.0	200.0	1.29228091	-5.18472624	-6.24342918
1950.0	300.0	1.30114567	-8.04768276	-9.17845726
1950.0	400.0	1.31333709	-10.8720913	-12.0532303
1950.0	500.0	1.32875919	-13.6452503	-14.8557243
1950.0	600.0	1.34729612	-16.3560143	-17.5758915
1950.0	700.0	1.36881363	-18.9952049	-20.2244072
1950.0	800.0	1.39317417	-21.5543938	-22.7745743
1950.0	900.0	1.42025518	-24.0251064	-25.2496433
1950.0	1000.0	1.44991064	-26.4027634	-27.6026649
2000.0	3.0	1.31775284	0.521755815	-0.341798902
2000.0	100.0	1.31973493	-2.21645689	-3.1919651
2000.0	200.0	1.32509494	-5.03083086	-6.10083961
2000.0	300.0	1.33377552	-7.82287788	-8.96585846
2000.0	400.0	1.34570706	-10.5795851	-11.7741842
2000.0	500.0	1.36079884	-13.2890625	-14.514554
2000.0	600.0	1.37894094	-15.9409628	-17.1753025
2000.0	700.0	1.40000796	-18.5262699	-19.786911
2000.0	800.0	1.42386949	-21.0369949	-22.2884159
2000.0	900.0	1.45041132	-23.4646683	-24.7205391
2000.0	1000.0	1.47949529	-25.8046837	-27.0345879
2050.0	3.0	1.35069609	0.530492187	-0.343673885
2050.0	100.0	1.35265601	-2.13908792	-3.12535262
2050.0	200.0	1.35791659	-4.88377714	-5.96505451
2050.0	300.0	1.3664223	-7.60818577	-8.7633152
2050.0	400.0	1.37810588	-10.3003645	-11.5054426
2050.0	500.0	1.39288151	-12.9491158	-14.240037
2050.0	600.0	1.41064858	-15.5440826	-16.8443947
2050.0	700.0	1.43128598	-18.0771427	-19.3692265
2050.0	800.0	1.45466936	-20.5408134	-21.8234787
2050.0	900.0	1.48069322	-22.9264755	-24.2136879
2050.0	1000.0	1.50922585	-25.2295532	-26.4885464
2100.0	3.0	1.3836391	0.538993895	-0.378509045
2100.0	100.0	1.3855778	-2.0652504	-3.10324407
2100.0	200.0	1.39074421	-4.74354076	-5.88313484
2100.0	300.0	1.39908338	-7.40339327	-8.62132454
2100.0	400.0	1.41053247	-10.0334759	-11.3066339
2100.0	500.0	1.42501032	-12.6233549	-13.9292278
2100.0	600.0	1.44241846	-15.1637011	-16.4807663
2100.0	700.0	1.46264291	-17.6466293	-18.9701271
2100.0	800.0	1.48556733	-20.0645981	-21.3785191
2100.0	900.0	1.51109302	-22.4092636	-23.727829
2100.0	1000.0	1.53909421	-24.6761227	-25.9636135
2150.0	3.0	1.41658223	0.547355473	-0.363818884
2150.0	100.0	1.41850185	-1.99391484	-3.04261279
2150.0	200.0	1.42357945	-4.60875034	-5.75955963
2150.0	300.0	1.43176103	-7.20686293	-8.43688869
2150.0	400.0	1.44298661	-9.77765465	-11.0641356
2150.0	500.0	1.45717895	-12.3113279	-13.6320562
2150.0	600.0	1.474244	-14.7991314	-16.1318779
2150.0	700.0	1.49407303	-17.2335682	-18.5884819
2150.0	800.0	1.51655734	-19.6072063	-20.9523697
2150.0	900.0	1.54160404	-21.9118729	-23.2617989
2150.0	1000.0	1.56909323	-24.1432266	-25.459198
2200.0	100.0	1.4514271	-1.92529798	-2.98467183
2200.0	200.0	1.45642066	-4.47948456	-5.64147186
2200.0	300.0	1.46445262	-7.01852226	-8.26059055
2200.0	400.0	1.47546458	-9.5326376	-10.8298149
2200.0	500.0	1.48938191	-12.0126715	-13.3988476
2200.0	600.0	1.50611925	-14.4497356	-15.8471088
2200.0	700.0	1.52557218	-16.8369179	-18.223259
2200.0	800.0	1.54763412	-19.1675606	-20.5439529
2200.0	900.0	1.57221985	-21.4332523	-22.8145142
2200.0	1000.0	1.59921503	-23.6298218	-24.974226
2250.0	100.0	1.4843533	-1.85961938	-2.970649
2250.0	200.0	1.48926651	-4.35583735	-5.57607841
2250.0	300.0	1.49715531	-6.83832932	-8.14315414
2250.0	400.0	1.50796425	-9.29779339	-10.6626873
2250.0	500.0	1.52162325	-11.7255726	-13.126545
2250.0	600.0	1.53804684	-14.1138153	-15.527771
2250.0	700.0	1.55713606	-16.4557381	-17.8734837
2250.0	800.0	1.57879221	-18.7446404	-20.1522636
2250.0	900.0	1.6029346	-20.9723625	-22.3849564
2250.0	1000.0	1.6294539	-23.1348305	-24.5561275
2300.0	100.0	1.51728129	-1.79590416	-2.91755414
2300.0	200.0	1.52211881	-4.23654461	-5.46790791
2300.0	300.0	1.52987194	-6.66479921	-7.98161125
2300.0	400.0	1.54048753	-9.07193375	-10.4500237
2300.0	500.0	1.55389738	-11.4497938	-12.8654776
2300.0	600.0	1.57002056	-13.7909527	-15.2213879
2300.0	700.0	1.58876109	-16.0891323	-17.5382729
2300.0	800.0	1.61002672	-18.3375053	-19.776371
2300.0	900.0	1.63374233	-20.5282383	-21.9721756
2300.0	1000.0	1.65980303	-22.6572704	-24.1086273
2350.0	100.0	1.55021036	-1.73441446	-2.86665487
2350.0	200.0	1.55497611	-4.12177849	-5.36422586
2350.0	300.0	1.5625999	-6.49799252	-7.82674122
2350.0	400.0	1.57302964	-8.85497475	-10.2438784
2350.0	500.0	1.58619905	-11.1851654	-12.6662998
2350.0	600.0	1.60203409	-13.4808836	-14.9750261
2350.0	700.0	1.62044322	-15.736248	-17.2167931
2350.0	800.0	1.6413337	-17.945322	-19.4154148
2350.0	900.0	1.66463792	-20.1000023	-21.5752907
2350.0	1000.0	1.69025636	-22.1963272	-23.677742
2400.0	100.0	1.58313978	-1.67541075	-2.85922861
2400.0	200.0	1.58783674	-4.01171398	-5.3123455
2400.0	300.0	1.59533668	-6.33798981	-7.72944212
2400.0	400.0	1.60558963	-8.64651775	-10.102869
2400.0	500.0	1.61853302	-10.9300499	-12.4258375
2400.0	600.0	1.63409197	-13.1819372	-14.6925125
2400.0	700.0	1.65217936	-15.3963375	-16.9082832
2400.0	800.0	1.67270899	-17.5672798	-19.0685844
2400.0	900.0	1.69561648	-19.6868401	-21.19347
2400.0	1000.0	1.72080791	-21.7511787	-23.2626419
2450.0	100.0	1.61607075	-1.61795855	-2.81230783
2450.0	200.0	1.62070322	-3.90516806	-5.21682644
2450.0	300.0	1.62808537	-6.18341637	-7.58674908
2450.0	400.0	1.63816941	-8.44543076	-9.91485786
2450.0	500.0	1.65089417	-10.6843672	-12.1947355
2450.0	600.0	1.66618848	-12.8939228	-14.4208412
2450.0	700.0	1.68396664	-15.0687037	-16.6120262
2450.0	800.0	1.70414877	-17.2026024	-18.7351456
2450.0	900.0	1.72667408	-19.2879906	-20.8259506
2450.0	1000.0	1.75145268	-21.3210678	-22.8625488
2500.0	100.0	1.64900303	-1.5623523	-2.7672019
2500.0	200.0	1.65357351	-3.80237579	-5.12502289
2500.0	300.0	1.66084337	-6.0344305	-7.4495945
2500.0	400.0	1.67076492	-8.25176716	-9.73204422
2500.0	500.0	1.68327832	-10.4480581	-11.9647312
2500.0	600.0	1.69831753	-12.6167316	-14.2073689
2500.0	700.0	1.71580195	-14.7526541	-16.3273582
2500.0	800.0	1.73564923	-16.8505859	-18.4143887
2500.0	900.0	1.75780606	-18.9027042	-20.4719963
2500.0	1000.0	1.78218615	-20.9052372	-22.4767342
2550.0	100.0	1.68193519	-1.50888145	-2.76522446
2550.0	200.0	1.68644655	-3.70357513	-5.08433056
2550.0	300.0	1.6936084	-5.89120102	-7.36900806
2550.0	400.0	1.70337486	-8.06528664	-9.61282158
2550.0	500.0	1.7156893	-10.2197199	-11.8100519
2550.0	600.0	1.73048449	-12.3488331	-13.9557695
2550.0	700.0	1.74768269	-14.4475746	-16.0536671
2550.0	800.0	1.76720762	-16.5106106	-18.1056538
2550.0	900.0	1.78900862	-18.530304	-20.1309357
2550.0	1000.0	1.81300342	-20.5029945	-22.1045074
2600.0	100.0	1.71486878	-1.45664203	-2.72342253
2600.0	200.0	1.71932447	-3.60763955	-4.99932241
2600.0	300.0	1.72638369	-5.75243473	-7.24201536
2600.0	400.0	1.73600173	-7.88491344	-9.44540787
2600.0	500.0	1.74812329	-9.99928665	-11.6040754
2600.0	600.0	1.76268387	-12.0901728	-13.7133255
2600.0	700.0	1.77960634	-14.1529217	-15.7903738
2600.0	800.0	1.79882061	-16.1820469	-17.8083229
2600.0	900.0	1.82027769	-18.1701488	-19.8021278
2600.0	1000.0	1.8439002	-20.1136913	-21.745224
2650.0	100.0	1.74780321	-1.40595114	-2.6831367
2650.0	200.0	1.75220549	-3.51485252	-4.91742468
2650.0	300.0	1.7591666	-5.61836147	-7.11966991
2650.0	400.0	1.76864171	-7.71079397	-9.28210068
2650.0	500.0	1.78057623	-9.78678322	-11.3981571
2650.0	600.0	1.79490995	-11.8407555	-13.5276318
2650.0	700.0	1.811571	-13.8681316	-15.5369415
2650.0	800.0	1.83048522	-15.8643131	-17.5218258
2650.0	900.0	1.8516109	-17.821682	-19.4849815
2650.0	1000.0	1.87487292	-19.7367287	-21.3982735
2700.0	100.0	1.78073764	-1.35711992	-2.68571019
2700.0	200.0	1.78508878	-3.42549729	-4.886096
2700.0	300.0	1.79195523	-5.48921776	-7.05310011
2700.0	400.0	1.80129361	-7.54281044	-9.18125057
2700.0	500.0	1.81305194	-9.58107853	-11.2656889
2700.0	600.0	1.82716894	-11.5991659	-13.3022165
2700.0	700.0	1.84357417	-13.5926991	-15.2928715
2700.0	800.0	1.86219907	-15.5568676	-17.2456226
2700.0	900.0	1.88300419	-17.484314	-19.1789341
2700.0	1000.0	1.90591764	-19.3715515	-21.0630875
2750.0	100.0	1.8136735	-1.30926764	-2.64819694
2750.0	200.0	1.81797659	-3.33849049	-4.80991459
2750.0	300.0	1.82475257	-5.36377048	-6.93931913
2750.0	400.0	1.83396006	-7.37992525	-9.03121376
2750.0	500.0	1.84554744	-9.38202477	-11.0809727
2750.0	600.0	1.85945523	-11.365447	-13.0845966
2750.0	700.0	1.87561381	-13.326169	-15.0576916
2750.0	800.0	1.89395964	-15.259243	-16.9792175
2750.0	900.0	1.91445458	-17.1575069	-18.8834801
2750.0	1000.0	1.93703103	-19.0175972	-20.7391243
2800.0	100.0	1.84660971	-1.26272786	-2.61196184
2800.0	200.0	1.85086679	-3.25415134	-4.73636246
2800.0	300.0	1.85755682	-5.24230289	-6.8294735
2800.0	400.0	1.86663747	-7.22236252	-8.88436317
2800.0	500.0	1.87805891	-9.18974304	-10.8954659
2800.0	600.0	1.89176404	-11.1396942	-12.9225597
2800.0	700.0	1.90768838	-13.0681076	-14.830965
2800.0	800.0	1.92576444	-14.9709435	-16.7221355
2800.0	900.0	1.94595981	-16.8407745	-18.598093
2800.0	1000.0	1.96820974	-18.6743526	-20.4258766
2850.0	100.0	1.87954617	-1.21782815	-2.61837292
2850.0	200.0	1.88375866	-3.17279625	-4.71294641
2850.0	300.0	1.89036524	-5.12510204	-6.77477169
2850.0	400.0	1.89932489	-7.07008743	-8.79915428
2850.0	500.0	1.91058922	-9.00330544	-10.781929
2850.0	600.0	1.92410135	-10.920578	-12.7195024
2850.0	700.0	1.93979597	-12.8180885	-14.6122837
2850.0	800.0	1.95761156	-14.6915226	-16.4739342
2850.0	900.0	1.97751689	-16.5336723	-18.3223019
2850.0	1000.0	1.99945056	-18.3413353	-20.1228638
2900.0	100.0	1.91248369	-1.17370522	-2.58448577
2900.0	200.0	1.91665435	-3.09337497	-4.64424467
2900.0	300.0	1.92318141	-5.01098156	-6.67220974
2900.0	400.0	1.93202519	-6.92210388	-8.663908
2900.0	500.0	1.94313705	-8.82250977	-10.6153603
2900.0	600.0	1.95646167	-10.7082176	-12.5231323
2900.0	700.0	1.97193456	-12.5757294	-14.4012566
2900.0	800.0	1.98949862	-14.4205675	-16.2342033
2900.0	900.0	2.0091238	-16.2357521	-18.055687
2900.0	1000.0	2.03075075	-18.0181141	-19.8296318
2950.0	100.0	1.94542158	-1.13070548	-2.55168509
2950.0	200.0	1.94955254	-3.01623511	-4.57778454
2950.0	300.0	1.95600355	-4.90026665	-6.57300758
2950.0	400.0	1.96473479	-6.77868652	-8.53104973
2950.0	500.0	1.97569823	-8.64754486	-10.4472809
2950.0	600.0	1.98884106	-10.5027819	-12.3813953
2950.0	700.0	2.00410366	-12.3406887	-14.1975288
2950.0	800.0	2.02142382	-14.1577053	-16.0025425
2950.0	900.0	2.04077768	-15.9465866	-17.7978325
2950.0	1000.0	2.0621078	-17.7042542	-19.5457573
3000.0	100.0	1.97835946	-1.08916783	-2.56135941
3000.0	200.0	1.98245156	-2.94171715	-4.56111145
3000.0	300.0	1.98882902	-4.79328156	-6.52844048
3000.0	400.0	1.99745226	-6.63986683	-8.4592762
3000.0	500.0	2.00827551	-8.47764778	-10.3500195
3000.0	600.0	2.02124548	-10.3030052	-12.1975689
3000.0	700.0	2.03630114	-12.112606	-14.0007553
3000.0	800.0	2.05338573	-13.9025583	-15.778595
3000.0	900.0	2.07247639	-15.6657925	-17.5483551
3000.0	1000.0	2.0935185	-17.3993454	-19.2708359
3050.0	100.0	2.01129866	-1.04824424	-2.53056288
3050.0	200.0	2.01535416	-2.86879802	-4.49880266
3050.0	300.0	2.02166104	-4.6888752	-6.43548107
3050.0	400.0	2.03018141	-6.50467873	-8.33671284
3050.0	500.0	2.04086828	-8.31256104	-10.1990499
3050.0	600.0	2.05366945	-10.1090708	-12.0195198
3050.0	700.0	2.06852508	-11.8911619	-13.8106222
3050.0	800.0	2.08538198	-13.6547642	-15.5620041
3050.0	900.0	2.10421824	-15.3930101	-17.306881
3050.0	1000.0	2.1249814	-17.102993	-19.0045013
3100.0	100.0	2.04423833	-1.00828993	-2.50069785
3100.0	200.0	2.04825878	-2.79784465	-4.43841839
3100.0	300.0	2.05449867	-4.58740616	-6.34541416
3100.0	400.0	2.06291842	-6.37344503	-8.21583843
3100.0	500.0	2.07347202	-8.15253639	-10.0459538
3100.0	600.0	2.08610964	-9.9211998	-11.8953257
3100.0	700.0	2.10077548	-11.6760731	-13.6268215
3100.0	800.0	2.11741185	-13.4140129	-15.3524523
3100.0	900.0	2.13600135	-15.1279039	-17.0730705
3100.0	1000.0	2.15649319	-16.8148422	-18.7463531
3150.0	100.0	2.07717705	-0.969652414	-2.51316833
3150.0	200.0	2.08116412	-2.72921777	-4.42753792
3150.0	300.0	2.08733845	-4.48922634	-6.30956554
3150.0	400.0	2.09566164	-6.24623585	-8.15569496
3150.0	500.0	2.10608959	-7.99693441	-9.96279049
3150.0	600.0	2.11857176	-9.73818207	-11.7281542
3150.0	700.0	2.13305044	-11.4670486	-13.4490795
3150.0	800.0	2.14947343	-13.1800089	-15.1496296
3150.0	900.0	2.16782331	-14.8701248	-16.84659
3150.0	1000.0	2.18805289	-16.5345745	-18.496067
3200.0	100.0	2.1101172	-0.931495905	-2.48502517
3200.0	200.0	2.11407256	-2.66191578	-4.37073135
3200.0	300.0	2.1201849	-4.39321709	-6.22489023
3200.0	400.0	2.12841558	-6.12211943	-8.04409313
3200.0	500.0	2.13872123	-7.84546423	-9.82532787
3200.0	600.0	2.15105128	-9.56024933	-11.5660067
3200.0	700.0	2.16534901	-11.263813	-13.2771244
3200.0	800.0	2.18156481	-12.9524384	-14.9532413
3200.0	900.0	2.19968319	-14.6193638	-16.6271324
3200.0	1000.0	2.21965766	-16.2618523	-18.2533226
3250.0	100.0	2.14305782	-0.894182205	-2.45768547
3250.0	200.0	2.14698267	-2.59631991	-4.3155899
3250.0	300.0	2.15303516	-4.29975748	-6.14271784
3250.0	400.0	2.1611762	-6.00145102	-7.93354225
3250.0	500.0	2.17136216	-7.69841814	-9.68519306
3250.0	600.0	2.18354392	-9.38766479	-11.4570675
3250.0	700.0	2.19766998	-11.0661278	-13.1107063
3250.0	800.0	2.21368551	-12.7310333	-14.7630196
3250.0	900.0	2.23157859	-14.3753357	-16.4144039
3250.0	1000.0	2.25130558	-15.996356	-18.0178089
3300.0	100.0	2.17599797	-0.858065844	-2.47256827
3300.0	200.0	2.17989349	-2.53280783	-4.30972004
3300.0	300.0	2.18588734	-4.2092247	-6.11442327
3300.0	400.0	2.19394231	-5.88433266	-7.88354397
3300.0	500.0	2.20401502	-7.5552578	-9.61432552
3300.0	600.0	2.21605635	-9.21926117	-11.304409
3300.0	700.0	2.23001242	-10.8737574	-12.9495888
3300.0	800.0	2.2458334	-12.515542	-14.578701
3300.0	900.0	2.26350856	-14.1377773	-16.208128
3300.0	1000.0	2.28299499	-15.7377987	-17.7892456
3350.0	100.0	2.20893908	-0.8223207	-2.44671822
3350.0	200.0	2.2128067	-2.47039223	-4.25768185
3350.0	300.0	2.21874571	-4.12052155	-6.03693771
3350.0	400.0	2.22671747	-5.76985979	-7.78147125
3350.0	500.0	2.23667979	-7.41566277	-9.4886322
3350.0	600.0	2.24858403	-9.05530834	-11.1561451
3350.0	700.0	2.26237559	-10.6864653	-12.7935467
3350.0	800.0	2.27800846	-12.3057232	-14.4000435
3350.0	900.0	2.29547167	-13.9064035	-16.0080414
3350.0	1000.0	2.31472397	-15.4859152	-17.566988
3400.0	100.0	2.24188066	-0.787313938	-2.42156553
3400.0	200.0	2.24572182	-2.4094696	-4.20709324
3400.0	300.0	2.25160742	-4.0340476	-5.96163464
3400.0	400.0	2.25949883	-5.65841627	-7.67986679
3400.0	500.0	2.26935291	-7.27996016	-9.35977077
3400.0	600.0	2.28112268	-8.89610672	-11.0605507
3400.0	700.0	2.29475832	-10.5040474	-12.6423702
3400.0	800.0	2.31020832	-12.1013327	-14.2268114
3400.0	900.0	2.32746577	-13.6809711	-15.8138981
3400.0	1000.0	2.34649086	-15.2404938	-17.3499908
3450.0	100.0	2.27482176	-0.753404796	-2.43854189
3450.0	200.0	2.27863717	-2.35042644	-4.20558357
3450.0	300.0	2.28447032	-3.95019722	-5.93992376
3450.0	400.0	2.29228449	-5.55012226	-7.63877726
3450.0	500.0	2.30203605	-7.14769506	-9.29969978
3450.0	600.0	2.31367898	-8.74052048	-10.9206123
3450.0	700.0	2.32716012	-10.3263121	-12.4958572
3450.0	800.0	2.34243274	-11.9021454	-14.0587854
3450.0	900.0	2.35949039	-13.4612446	-15.6254597
3450.0	1000.0	2.37829423	-15.0012312	-17.1391582
3500.0	100.0	2.30776358	-0.719775915	-2.41468453
3500.0	200.0	2.31155491	-2.29229212	-4.1577034
3500.0	300.0	2.31733894	-3.8678937	-5.86871815
3500.0	400.0	2.32507825	-5.44410229	-7.54504251
3500.0	500.0	2.33473039	-7.01851892	-9.18431854
3500.0	600.0	2.34624863	-8.58885288	-10.7845364
3500.0	700.0	2.3595798	-10.1530552	-12.353817
3500.0	800.0	2.37468028	-11.7079802	-13.8957644
3500.0	900.0	2.39154434	-13.247015	-15.4425011
3500.0	1000.0	2.41013265	-14.7678747	-16.9342442
3550.0	100.0	2.34070587	-0.686798036	-2.39143562
3550.0	200.0	2.34447432	-2.23547077	-4.11109161
3550.0	300.0	2.35021067	-3.7875514	-5.79942513
3550.0	400.0	2.35787725	-5.34075928	-7.45122576
3550.0	500.0	2.36743188	-6.89278984	-9.06531334
3550.0	600.0	2.37882733	-8.44142342	-10.6409273
3550.0	700.0	2.39201689	-9.98409748	-12.2160721
3550.0	800.0	2.40695047	-11.5186205	-13.7375431
3550.0	900.0	2.42362595	-13.0380516	-15.2648087
3550.0	1000.0	2.44200444	-14.5402193	-16.7350445
3600.0	100.0	2.37364769	-0.654834211	-2.41023874
3600.0	200.0	2.37739325	-2.18035841	-4.11339855
3600.0	300.0	2.38308334	-3.70957828	-5.78348827
3600.0	400.0	2.39067984	-5.2402277	-7.41800785
3600.0	500.0	2.40014172	-6.77011728	-9.01477909
3600.0	600.0	2.41142225	-8.29714775	-10.5719471
3600.0	700.0	2.42447066	-9.81929016	-12.0824518
3600.0	800.0	2.43924212	-11.3338785	-13.5839367
3600.0	900.0	2.45573425	-12.834156	-15.092186
3600.0	1000.0	2.47390938	-14.3180475	-16.5413284
3650.0	100.0	2.40659046	-0.623074532	-2.3881228
3650.0	200.0	2.41031504	-2.12599635	-4.06916428
3650.0	300.0	2.41596079	-3.63291311	-5.71779633
3650.0	400.0	2.42349029	-5.14165783	-7.33160686
3650.0	500.0	2.4328618	-6.65013504	-8.90848351
3650.0	600.0	2.44402909	-8.15633392	-10.4466305
3650.0	700.0	2.45694065	-9.65845013	-11.952795
3650.0	800.0	2.47155428	-11.153574	-13.4347668
3650.0	900.0	2.48786831	-12.6351337	-14.9244385
3650.0	1000.0	2.50584531	-14.1011581	-16.3528976
3700.0	100.0	2.43953347	-0.591892421	-2.36654019
3700.0	200.0	2.44323754	-2.07279634	-4.02604437
3700.0	300.0	2.44884133	-3.55798244	-5.65379095
3700.0	400.0	2.45630503	-5.04547024	-7.24460363
3700.0	500.0	2.46558809	-6.5332222	-8.79813099
3700.0	600.0	2.47664356	-8.0192976	-10.3134689
3700.0	700.0	2.48942566	-9.5014267	-11.8269482
3700.0	800.0	2.50388646	-10.9775581	-13.2898655
3700.0	900.0	2.52002716	-12.4408188	-14.7613783
3700.0	1000.0	2.53781152	-13.8893337	-16.2254581
3750.0	100.0	2.47247553	-0.561653435	-2.38694501
3750.0	200.0	2.47616029	-2.02116084	-4.03170967
3750.0	300.0	2.48172188	-3.48520517	-5.64294147
3750.0	400.0	2.48912334	-4.95180511	-7.21838379
3750.0	500.0	2.49832177	-6.41904068	-8.75606918
3750.0	600.0	2.5092721	-7.88506985	-10.2543364
3750.0	700.0	2.52192545	-9.3480835	-11.7047644
3750.0	800.0	2.53623748	-10.8056507	-13.1490698
3750.0	900.0	2.55221009	-12.2510233	-14.6028376
3750.0	1000.0	2.56980705	-13.6823463	-16.0484791
3800.0	100.0	2.50541878	-0.531554639	-2.36635685
3800.0	200.0	2.50908542	-1.97014236	-3.99068594
3800.0	300.0	2.51460767	-3.41353536	-5.58211756
3800.0	400.0	2.52194786	-4.85983706	-7.13846302
3800.0	500.0	2.53106427	-6.30720901	-8.65781498
3800.0	600.0	2.5419116	-7.75388765	-10.1385574
3800.0	700.0	2.55443954	-9.19828129	-11.5861063
3800.0	800.0	2.56860685	-10.637702	-13.0122318
3800.0	900.0	2.58441544	-12.0655832	-14.4486504
3800.0	1000.0	2.60183048	-13.4800749	-15.8762207
3850.0	100.0	2.53836226	-0.501971304	-2.34623814
3850.0	200.0	2.54201126	-1.92015743	-3.95064807
3850.0	300.0	2.5474956	-3.34340811	-5.52274799
3850.0	400.0	2.55477643	-4.77000046	-7.05744076
3850.0	500.0	2.56381202	-6.19812679	-8.55509472
3850.0	600.0	2.57455778	-7.62609386	-10.0146418
3850.0	700.0	2.58696747	-9.0518837	-11.4708462
3850.0	800.0	2.60099387	-10.4735699	-12.8792009
3850.0	900.0	2.61664319	-11.8843327	-14.2986555
3850.0	1000.0	2.63388085	-13.2823725	-15.7085171
3900.0	100.0	2.57130504	-0.473270595	-2.36805344
3900.0	200.0	2.57493687	-1.87161398	-3.95928121
3900.0	300.0	2.58038354	-3.275249	-5.51644135
3900.0	400.0	2.58760762	-4.6824379	-7.03747559
3900.0	500.0	2.59656692	-6.09149837	-8.52059746
3900.0	600.0	2.60721636	-7.50081158	-9.96430016
3900.0	700.0	2.61950755	-8.90876198	-11.3588505
3900.0	800.0	2.63339782	-10.3131237	-12.7498417
3900.0	900.0	2.64889193	-11.7071457	-14.1527081
3900.0	1000.0	2.66595721	-13.0890608	-15.5452089
3950.0	100.0	2.60424852	-0.444656014	-2.34881139
3950.0	200.0	2.60786438	-1.82357395	-3.92109919
3950.0	300.0	2.61327648	-3.20802641	-5.45993328
3950.0	400.0	2.62044501	-4.59634924	-6.96331215
3950.0	500.0	2.62932968	-5.98692942	-8.42949581
3950.0	600.0	2.63988447	-7.37821913	-9.85701752
3950.0	700.0	2.65206099	-8.76881504	-11.2500076
3950.0	800.0	2.66581821	-10.1562176	-12.6240177
3950.0	900.0	2.6811614	-11.5338621	-14.0106602
3950.0	1000.0	2.69805813	-12.8999825	-15.3861389
4000.0	100.0	2.63719273	-0.416503847	-2.32998466
4000.0	200.0	2.64079332	-1.77645826	-3.88379264
4000.0	300.0	2.64617062	-3.14219141	-5.40435028
4000.0	400.0	2.65328574	-4.51217747	-6.88755894
4000.0	500.0	2.66209698	-5.8848362	-8.33352852
4000.0	600.0	2.67255878	-7.25867987	-9.74131393
4000.0	700.0	2.68462634	-8.63191128	-11.1441994
4000.0	800.0	2.69825411	-10.0027275	-12.5016232
4000.0	900.0	2.71345019	-11.3643465	-13.8723774
4000.0	1000.0	2.73018312	-12.7149925	-15.2311668
4050.0	100.0	2.6701355	-0.389182478	-2.35304713
4050.0	200.0	2.67372131	-1.73067844	-3.8950603
4050.0	300.0	2.67906523	-3.07814789	-5.40241289
4050.0	400.0	2.68612862	-4.43006611	-6.87321186
4050.0	500.0	2.69487	-5.78495455	-8.30581856
4050.0	600.0	2.70524406	-7.14139652	-9.69885635
4050.0	700.0	2.71720338	-8.49794483	-11.0413208
4050.0	800.0	2.73070526	-9.85254383	-12.3825188
4050.0	900.0	2.7457583	-11.1984615	-13.7377281
4050.0	1000.0	2.76233149	-12.5339651	-15.0801506
4100.0	100.0	2.7030797	-0.361901134	-2.33499575
4100.0	200.0	2.70665169	-1.68530536	-3.85940409
4100.0	300.0	2.71196365	-3.01490307	-5.34974718
4100.0	400.0	2.71897745	-4.34923506	-6.8041811
4100.0	500.0	2.72765088	-5.68688631	-8.22110462
4100.0	600.0	2.73793888	-7.02649784	-9.59917068
4100.0	700.0	2.74979138	-8.36682796	-10.941267
4100.0	800.0	2.76317096	-9.70554733	-12.2665911
4100.0	900.0	2.77808428	-11.0361004	-13.6065865
4100.0	1000.0	2.79450202	-12.3567581	-14.9329548
4150.0	100.0	2.73602366	-0.335036814	-2.31731272
4150.0	200.0	2.73958278	-1.64076233	-3.8245275
4150.0	300.0	2.74486446	-2.95291471	-5.29749012
4150.0	400.0	2.75182915	-4.27013969	-6.73308563
4150.0	500.0	2.76043534	-5.59105682	-8.13113403
4150.0	600.0	2.77063799	-6.91436052	-9.49078751
4150.0	700.0	2.78239083	-8.23844719	-10.8439398
4150.0	800.0	2.7956512	-9.56162643	-12.1537361
4150.0	900.0	2.81042838	-10.8771372	-13.478816
4150.0	1000.0	2.82669401	-12.1832466	-14.7894554
4200.0	100.0	2.76896715	-0.308958411	-2.34148145
4200.0	200.0	2.77251315	-1.59746444	-3.83814359
4200.0	300.0	2.7777648	-2.89256334	-5.29950428
4200.0	400.0	2.78468251	-4.19291687	-6.72380972
4200.0	500.0	2.79322505	-5.49722958	-8.1095438
4200.0	600.0	2.80334687	-6.80425835	-9.45543194
4200.0	700.0	2.81500053	-8.11270618	-10.7492437
4200.0	800.0	2.82814479	-9.42067814	-12.043849
4200.0	900.0	2.84278917	-10.7214584	-13.3539515
4200.0	1000.0	2.85890722	-12.013298	-14.6495285
4250.0	100.0	2.80191135	-0.282880783	-2.32448649
4250.0	200.0	2.80544567	-1.55448973	-3.80473971
4250.0	300.0	2.81066871	-2.83289337	-5.25027418
4250.0	400.0	2.81754136	-4.11681032	-6.65937376
4250.0	500.0	2.82602167	-5.40500212	-8.03055477
4250.0	600.0	2.83606434	-6.69627571	-9.36256599
4250.0	700.0	2.84762049	-7.98953724	-10.657095
4250.0	800.0	2.86065149	-9.28260803	-11.936821
4250.0	900.0	2.87516689	-10.5689545	-13.2322063
4250.0	1000.0	2.89114046	-11.8468027	-14.5130606
4300.0	100.0	2.83485556	-0.257180989	-2.30781937
4300.0	200.0	2.83837891	-1.51226401	-3.77203321
4300.0	300.0	2.84357452	-2.77436638	-5.20094347
4300.0	400.0	2.85040283	-4.04228163	-6.59240484
4300.0	500.0	2.85882163	-5.31480932	-7.94592285
4300.0	600.0	2.86878586	-6.5908041	-9.26072598
4300.0	700.0	2.88024998	-7.86883259	-10.5673971
4300.0	800.0	2.89317083	-9.14731503	-11.8325644
4300.0	900.0	2.90756011	-10.4195271	-13.1135216
4300.0	1000.0	2.92339277	-11.6836576	-14.3799334
4350.0	100.0	2.86779952	-0.232228085	-2.33297276
4350.0	200.0	2.87131119	-1.47120464	-3.78774929
4350.0	300.0	2.87647963	-2.71734047	-5.20654774
4350.0	400.0	2.8832655	-3.96946239	-6.58772755
4350.0	500.0	2.89162612	-5.22643661	-7.92987347
4350.0	600.0	2.90151644	-6.48717403	-9.23179626
4350.0	700.0	2.91288877	-7.75051975	-10.4800816
4350.0	800.0	2.92570233	-9.01470757	-11.7309895
4350.0	900.0	2.93996906	-10.2730637	-12.9978008
4350.0	1000.0	2.95566416	-11.5237503	-14.2500467
4400.0	100.0	2.90074396	-0.207242295	-2.31691766
4400.0	200.0	2.90424562	-1.43039668	-3.75636148
4400.0	300.0	2.90938854	-2.66089559	-5.16039801
4400.0	400.0	2.9161334	-3.89761758	-6.52742052
4400.0	500.0	2.92443705	-5.13947773	-7.85603619
4400.0	600.0	2.93425441	-6.38543463	-9.14507484
4400.0	700.0	2.94553661	-7.63451958	-10.3950577
4400.0	800.0	2.95824599	-8.88470268	-11.6320028
4400.0	900.0	2.97239232	-10.1294775	-12.8849535
4400.0	1000.0	2.98795366	-11.3669682	-14.1232948
4450.0	100.0	2.93368864	-0.182600394	-2.30115509
4450.0	200.0	2.93718052	-1.39026725	-3.72559929
4450.0	300.0	2.94229889	-2.60549641	-5.11364698
4450.0	400.0	2.94900322	-3.82721329	-6.46411705
4450.0	500.0	2.95725083	-5.05437613	-7.77617264
4450.0	600.0	2.96699619	-6.28598547	-9.04910183
4450.0	700.0	2.97819376	-7.52076244	-10.3122578
4450.0	800.0	2.99080086	-8.75722122	-11.5354052
4450.0	900.0	3.00483012	-9.98866367	-12.7748919
4450.0	1000.0	3.02026081	-11.2132206	-13.9995813
4500.0	100.0	2.96663237	-0.158671349	-2.32718658
4500.0	200.0	2.97011471	-1.35123527	-3.74319983
4500.0	300.0	2.97520876	-2.55147862	-5.12252855
4500.0	400.0	2.98187447	-3.75837564	-6.46362782
4500.0	500.0	2.99006844	-4.97093582	-7.76516104
4500.0	600.0	2.99974585	-6.18821001	-9.02600765
4500.0	700.0	3.01085877	-7.40916729	-10.2316093
4500.0	800.0	3.02336645	-8.63217545	-11.4409409
4500.0	900.0	3.03728223	-9.85055161	-12.6675196
4500.0	1000.0	3.05258512	-11.0624123	-13.8788052
4550.0	100.0	2.99957681	-0.134680331	-2.31197023
4550.0	200.0	3.0030508	-1.31239223	-3.71362209
4550.0	300.0	3.00812173	-2.49795532	-5.07915211
4550.0	400.0	3.01475048	-3.69038916	-6.40704155
4550.0	500.0	3.02289248	-4.88874674	-7.69597292
4550.0	600.0	3.03250265	-6.09212399	-8.94483852
4550.0	700.0	3.04353237	-7.29966736	-10.153039
4550.0	800.0	3.05594277	-8.50949478	-11.3488398
4550.0	900.0	3.06974769	-9.71505547	-12.5627556
4550.0	1000.0	3.08492565	-10.9144592	-13.7608833
4600.0	100.0	3.03252172	-0.111003794	-2.29701519
4600.0	200.0	3.03598738	-1.2741704	-3.68444896
4600.0	300.0	3.04103637	-2.44539309	-5.03467703
4600.0	400.0	3.04762793	-3.62372398	-6.34699917
4600.0	500.0	3.05571842	-4.80826139	-7.62037563
4600.0	600.0	3.06526256	-5.998137	-8.85413933
4600.0	700.0	3.07621384	-7.19220734	-10.0764809
4600.0	800.0	3.08852959	-8.3891058	-11.2590094
4600.0	900.0	3.10222578	-9.58208179	-12.4605122
4600.0	1000.0	3.11728239	-10.769268	-13.6457272
4650.0	100.0	3.06546569	-0.0880099759	-2.32383251
4650.0	200.0	3.068923	-1.23697829	-3.7039032
4650.0	300.0	3.07395005	-2.39410591	-5.04656124
4650.0	400.0	3.08050632	-3.5584991	-6.35033894
4650.0	500.0	3.08854818	-4.72929621	-7.61396313
4650.0	600.0	3.09802961	-5.90567541	-8.8363657
4650.0	700.0	3.10890293	-7.08671713	-10.0016441
4650.0	800.0	3.12112665	-8.27093601	-11.1713905
4650.0	900.0	3.13471699	-9.45156288	-12.3607101
4650.0	1000.0	3.14965415	-10.6267481	-13.5332508
4700.0	100.0	3.09841037	-0.0649292544	-2.30936527
4700.0	200.0	3.10186052	-1.19992483	-3.6759553
4700.0	300.0	3.10686731	-2.34323907	-5.00568914
4700.0	400.0	3.11338949	-3.49401808	-6.29711723
4700.0	500.0	3.12138319	-4.65144205	-7.54898453
4700.0	600.0	3.13080311	-5.81472683	-8.76022911
4700.0	700.0	3.14159918	-6.98313808	-9.9285717
4700.0	800.0	3.15373302	-8.1549015	-11.085907
4700.0	900.0	3.16722012	-9.32343292	-12.263279
4700.0	1000.0	3.18204117	-10.4868317	-13.423377
4750.0	100.0	3.13135505	-0.042137146	-2.2951324
4750.0	200.0	3.13479853	-1.1634475	-3.64792991
4750.0	300.0	3.13978529	-2.29325891	-4.96322298
4750.0	400.0	3.14627409	-3.43075514	-6.23998165
4750.0	500.0	3.15422058	-4.57515526	-7.47721386
4750.0	600.0	3.16357923	-5.72570896	-8.67428303
4750.0	700.0	3.17430305	-6.88141727	-9.85733414
4750.0	800.0	3.18634892	-8.04096031	-11.0025024
4750.0	900.0	3.19973493	-9.19760513	-12.1681499
4750.0	1000.0	3.21444297	-10.3494415	-13.3160267
4800.0	100.0	3.16429901	-0.020001322	-2.32265353
4800.0	200.0	3.1677351	-1.12792885	-3.66934109
4800.0	300.0	3.17270255	-2.24446034	-4.97787094
4800.0	400.0	3.17915893	-3.36881971	-6.24683475
4800.0	500.0	3.18706131	-4.50026321	-7.47501278
4800.0	600.0	3.19636202	-5.63808489	-8.66137505
4800.0	700.0	3.20701337	-6.78148985	-9.78787613
4800.0	800.0	3.21897388	-7.92904425	-10.9211102
4800.0	900.0	3.23226166	-9.07402134	-12.0752583
4800.0	1000.0	3.24685836	-10.2145061	-13.2105474
4850.0	100.0	3.19724393	0.00224311324	-2.30885768
4850.0	200.0	3.20067406	-1.0925107	-3.64286423
4850.0	300.0	3.20562315	-2.19601655	-4.93926382
4850.0	400.0	3.21204877	-3.30753517	-6.19666576
4850.0	500.0	3.21990705	-4.42636013	-7.41385841
4850.0	600.0	3.22915077	-5.55181885	-8.58981705
4850.0	700.0	3.23973036	-6.68330097	-9.72014618
4850.0	800.0	3.25160766	-7.81909561	-10.8416748
4850.0	900.0	3.26479936	-8.95260525	-11.9845352
4850.0	1000.0	3.27928734	-10.0819645	-13.1066608
4900.0	100.0	3.23018837	0.0242201295	-2.29520059
4900.0	200.0	3.23361325	-1.05762982	-3.61582994
4900.0	300.0	3.23854446	-2.14839554	-4.89857244
4900.0	400.0	3.24493957	-3.2473774	-6.14212275
4900.0	500.0	3.25275445	-4.3539052	-7.34552383
4900.0	600.0	3.26194143	-5.46733713	-8.50815868
4900.0	700.0	3.27245426	-6.58680487	-9.6540823
4900.0	800.0	3.28425002	-7.71103954	-10.7641315
4900.0	900.0	3.29734755	-8.83330345	-11.8959084
4900.0	1000.0	3.31172919	-9.95172501	-13.0050983
4950.0	100.0	3.26313257	0.0455673113	-2.32342553
4950.0	200.0	3.26655102	-1.02364373	-3.63905668
4950.0	300.0	3.27146482	-2.10187149	-4.91577244
4950.0	400.0	3.27783084	-3.188447	-6.1522131
4950.0	500.0	3.28560424	-4.28273392	-7.34719563
4950.0	600.0	3.29473853	-5.38413095	-8.49971867
4950.0	700.0	3.30518436	-6.49195576	-9.58965015
4950.0	800.0	3.31690049	-7.60484266	-10.6884251
4950.0	900.0	3.32990623	-8.71606159	-11.8093367
4950.0	1000.0	3.34418392	-9.82374001	-12.9057922
5000.0	100.0	3.29607725	0.0670404062	-2.31023169
5000.0	200.0	3.29949141	-0.989725351	-3.61391115
5000.0	300.0	3.30438852	-2.05564547	-4.87922192
5000.0	400.0	3.3107264	-3.13008595	-6.10481739
5000.0	500.0	3.31845975	-4.21244287	-7.28952312
5000.0	600.0	3.32754135	-5.30214739	-8.4323349
5000.0	700.0	3.33792043	-6.39869881	-9.52679729
5000.0	800.0	3.34955931	-7.50044918	-10.6145124
5000.0	900.0	3.3624754	-8.60080051	-11.7247429
5000.0	1000.0	3.37665129	-9.69793034	-12.8086748
5050.0	100.0	3.32902217	0.0882585868	-2.29675698
5050.0	200.0	3.33243179	-0.956310213	-3.58773041
5050.0	300.0	3.3373127	-2.0101862	-4.84009743
5050.0	400.0	3.34362292	-3.07277155	-6.0525918
5050.0	500.0	3.35131621	-4.14349508	-7.2242794
5050.0	600.0	3.36034584	-5.22181559	-8.35455704
5050.0	700.0	3.37066269	-6.30699062	-9.46546936
5050.0	800.0	3.38222551	-7.39778996	-10.5423279
5050.0	900.0	3.39505386	-8.48747253	-11.6420784
5050.0	1000.0	3.40913057	-9.57424355	-12.7136898
5100.0	100.0	3.36196589	0.108882889	-2.325948
5100.0	200.0	3.36537051	-0.923732758	-3.61264658
5100.0	300.0	3.37023616	-1.96574855	-4.85966206
5100.0	400.0	3.37651944	-3.01659489	-6.06567335
5100.0	500.0	3.3841753	-4.07573271	-7.22952509
5100.0	600.0	3.39315534	-5.1426568	-8.35022926
5100.0	700.0	3.40341043	-6.21679688	-9.40563297
5100.0	800.0	3.41489959	-7.2968297	-10.4718313
5100.0	900.0	3.42764235	-8.37604141	-11.5612926
5100.0	1000.0	3.4416213	-9.45260334	-12.6207609
5150.0	100.0	3.39491057	0.129641965	-2.31329465
5150.0	200.0	3.39831138	-0.891194105	-3.58870769
5150.0	300.0	3.40316272	-1.92155957	-4.82498264
5150.0	400.0	3.40942025	-2.96091557	-6.02080774
5150.0	500.0	3.41703892	-4.0087533	-7.17502975
5150.0	600.0	3.42597055	-5.06459904	-8.28666019
5150.0	700.0	3.43616366	-6.12805843	-9.34723854
5150.0	800.0	3.44758058	-7.19753313	-10.4029779
5150.0	900.0	3.46023989	-8.2664299	-11.4823227
5150.0	1000.0	3.47412395	-9.33298588	-12.5298529
5200.0	100.0	3.42785525	0.150156766	-2.29994249
5200.0	200.0	3.43125272	-0.859129369	-3.56325817
5200.0	300.0	3.43608952	-1.87808764	-4.78723955
5200.0	400.0	3.44232178	-2.90621233	-5.97064972
5200.0	500.0	3.44990396	-3.94302559	-7.11257172
5200.0	600.0	3.45878696	-4.98807764	-8.21239662
5200.0	700.0	3.46892285	-6.04074669	-9.29025078
5200.0	800.0	3.48026872	-7.09982967	-10.3357105
5200.0	900.0	3.49284649	-8.15859318	-11.4051256
5200.0	1000.0	3.50663757	-9.21531296	-12.4409018
5250.0	100.0	3.46079898	0.170110583	-2.33004427
5250.0	200.0	3.46419239	-0.827850223	-3.58975172
5250.0	300.0	3.46901512	-1.83556914	-4.80900383
5250.0	400.0	3.47522354	-2.85256672	-5.98650694
5250.0	500.0	3.48277092	-3.87839365	-7.12112236
5250.0	600.0	3.49160862	-4.91263533	-8.21187019
5250.0	700.0	3.50168705	-5.95481634	-9.23462009
5250.0	800.0	3.51296449	-7.00368595	-10.2699966
5250.0	900.0	3.52546167	-8.05249786	-11.3296585
5250.0	1000.0	3.53916168	-9.09953403	-12.353858
5300.0	100.0	3.49374366	0.190206259	-2.31787634
5300.0	200.0	3.49713445	-0.796585381	-3.56690907
5300.0	300.0	3.50194407	-1.79325604	-4.77602911
5300.0	400.0	3.50812888	-2.79935455	-5.94395018
5300.0	500.0	3.5156424	-3.81446075	-7.06953478
5300.0	600.0	3.52443528	-4.83818722	-8.15179634
5300.0	700.0	3.53445578	-5.87023878	-9.1803236
5300.0	800.0	3.54566622	-6.90905952	-10.20578
5300.0	900.0	3.55808544	-7.94808435	-11.2558594
5300.0	1000.0	3.57169628	-8.9855957	-12.2686691
5350.0	100.0	3.5266881	0.21006681	-2.30459261
5350.0	200.0	3.53007603	-0.765768468	-3.54208112
5350.0	300.0	3.53487325	-1.75161648	-4.73950386
5350.0	400.0	3.54103518	-2.74705648	-5.89564276
5350.0	500.0	3.5485146	-3.75169587	-7.00958633
5350.0	600.0	3.5572629	-4.765172	-8.08071995
5350.0	700.0	3.56723022	-5.78696632	-9.12731457
5350.0	800.0	3.57837462	-6.81592083	-10.1430368
5350.0	900.0	3.59071755	-7.84530783	-11.183692
5350.0	1000.0	3.60424089	-8.87346077	-12.1852875
5400.0	100.0	3.55963182	0.229396492	-2.33555603
5400.0	200.0	3.56301665	-0.735689938	-3.57005334
5400.0	300.0	3.56780124	-1.71086848	-4.76331949
5400.0	400.0	3.57394123	-2.69574308	-5.91407967
5400.0	500.0	3.58138871	-3.68994808	-7.02120543
5400.0	600.0	3.59009504	-4.69315195	-8.08371449
5400.0	700.0	3.60000896	-5.70497751	-9.07556152
5400.0	800.0	3.61108923	-6.72421837	-10.0817204
5400.0	900.0	3.62335777	-7.74413538	-11.113121
5400.0	1000.0	3.636796	-8.76304817	-12.1663036
5450.0	100.0	3.59257603	0.2488738	-2.32382441
5450.0	200.0	3.59595895	-0.705604553	-3.54820728
5450.0	300.0	3.60073233	-1.67028821	-4.73190308
5450.0	400.0	3.60685086	-2.64480758	-5.87363863
5450.0	500.0	3.61426735	-3.62882352	-6.97228336
5450.0	600.0	3.6229322	-4.62203169	-8.0268507
5450.0	700.0	3.63279247	-5.62423086	-9.02503014
5450.0	800.0	3.64381027	-6.63391209	-10.0217867
5450.0	900.0	3.65600538	-7.6445117	-11.0440893
5450.0	1000.0	3.66936111	-8.65431786	-12.0876245
5500.0	100.0	3.62552071	0.268123865	-2.31056094
5500.0	200.0	3.62890148	-0.675944269	-3.52390361
5500.0	300.0	3.63366365	-1.63034272	-4.69644642
5500.0	400.0	3.63976097	-2.59473014	-5.82698345
5500.0	500.0	3.64714646	-3.56879377	-6.91460037
5500.0	600.0	3.65576982	-4.55225086	-7.95866919
5500.0	700.0	3.66558075	-5.54468632	-8.97568321
5500.0	800.0	3.67653656	-6.54497528	-9.96320248
5500.0	900.0	3.68866086	-7.54640675	-10.9765615
5500.0	1000.0	3.70193529	-8.54724216	-12.0106049
5550.0	100.0	3.65846419	0.286870629	-2.34234142
5550.0	200.0	3.66184282	-0.646979272	-3.55326462
5550.0	300.0	3.66659403	-1.59123325	-4.72218227
5550.0	400.0	3.67267108	-2.54557228	-5.84782791
5550.0	500.0	3.68002701	-3.50970936	-6.92907572
5550.0	600.0	3.68861151	-4.48339128	-7.96493483
5550.0	700.0	3.69837308	-5.46633053	-8.92749596
5550.0	800.0	3.70926952	-6.45736837	-9.90593719
5550.0	900.0	3.72132325	-7.44976521	-10.9104948
5550.0	1000.0	3.73451853	-8.44178677	-11.9351988
5600.0	100.0	3.69140863	0.305769652	-2.33100271
5600.0	200.0	3.69478631	-0.617989182	-3.53232861
5600.0	300.0	3.69952679	-1.55225801	-4.69219112
5600.0	400.0	3.705585	-2.49674296	-5.80932713
5600.0	500.0	3.71291208	-3.45118165	-6.8826046
5600.0	600.0	3.72145867	-4.41534615	-7.91102505
5600.0	700.0	3.73116994	-5.38912344	-8.88043499
5600.0	800.0	3.74200773	-6.37104559	-9.84994698
5600.0	900.0	3.75399303	-7.35456991	-10.8458652
5600.0	1000.0	3.76711011	-8.33791351	-11.8613701
5650.0	100.0	3.72435284	0.324448079	-2.31771588
5650.0	200.0	3.72772884	-0.589403927	-3.50846052
5650.0	300.0	3.73245955	-1.51388323	-4.65767097
5650.0	400.0	3.73849869	-2.44872236	-5.76414633
5650.0	500.0	3.74579763	-3.39368272	-6.82696438
5650.0	600.0	3.75430536	-4.34855652	-7.84547424
5650.0	700.0	3.76397038	-5.31302786	-8.83446884
5650.0	800.0	3.77475119	-6.28599548	-9.79520607
5650.0	900.0	3.78667021	-7.26077461	-10.7826195
5650.0	1000.0	3.79971123	-8.23556805	-11.7890739
5700.0	100.0	3.75729632	0.342648774	-2.35027361
5700.0	200.0	3.7606709	-0.561474621	-3.5391314
5700.0	300.0	3.76539183	-1.47629344	-4.68520832
5700.0	400.0	3.77141213	-2.40156102	-5.78724432
5700.0	500.0	3.77868414	-3.33706379	-6.84410524
5700.0	600.0	3.78715611	-4.28262138	-7.8547883
5700.0	700.0	3.79677558	-5.23803425	-8.78956985
5700.0	800.0	3.80750012	-6.20217848	-9.74168205
5700.0	900.0	3.81935358	-7.16834641	-10.7207298
5700.0	1000.0	3.83232021	-8.13471985	-11.7182779
5750.0	100.0	3.79024029	0.361005247	-2.339288
5750.0	200.0	3.79361415	-0.533504367	-3.51902437
5750.0	300.0	3.79832649	-1.4388088	-4.65652466
5750.0	400.0	3.80432987	-2.35468507	-5.75052643
5750.0	500.0	3.81157517	-3.28094196	-6.79988956
5750.0	600.0	3.82001162	-4.21742392	-7.80360031
5750.0	700.0	3.82958436	-5.16409683	-8.74570847
5750.0	800.0	3.84025407	-6.11956215	-9.68934631
5750.0	900.0	3.85204411	-7.07725143	-10.6601639
5750.0	1000.0	3.86493778	-8.03533554	-11.648941
5800.0	100.0	3.82318449	0.379146904	-2.3259387
5800.0	200.0	3.82655811	-0.505921364	-3.49551368
5800.0	300.0	3.8312614	-1.40189433	-4.62282228
5800.0	400.0	3.83724689	-2.30857325	-5.70666027
5800.0	500.0	3.84446573	-3.22579002	-6.74609375
5800.0	600.0	3.85286689	-4.153409	-7.74044466
5800.0	700.0	3.86239719	-5.09119987	-8.7028656
5800.0	800.0	3.8730135	-6.03811169	-9.63815975
5800.0	900.0	3.88474035	-6.98744488	-10.6008835
5800.0	1000.0	3.8975625	-7.93737698	-11.5810242
5850.0	100.0	3.85612774	0.396834433	-2.35923767
5850.0	200.0	3.85950017	-0.47895807	-3.52742171
5850.0	300.0	3.86419487	-1.36571813	-4.65205431
5850.0	400.0	3.87016392	-2.2632668	-5.73187208
5850.0	500.0	3.87735796	-3.17145944	-6.76573038
5850.0	600.0	3.88572598	-4.09018612	-7.75260448
5850.0	700.0	3.89521313	-5.01932526	-8.66101074
5850.0	800.0	3.90577769	-5.9578104	-9.58810043
5850.0	900.0	3.91744328	-6.89892864	-10.5428667
5850.0	1000.0	3.93019533	-7.84080458	-11.5144968
5900.0	100.0	3.88907146	0.414680421	-2.34856939
5900.0	200.0	3.89244461	-0.451940119	-3.50807285
5900.0	300.0	3.8971312	-1.32962143	-4.62456989
5900.0	400.0	3.90308452	-2.21820664	-5.69679499
5900.0	500.0	3.91025448	-3.11757255	-6.72359467
5900.0	600.0	3.91858912	-4.02763271	-7.70393181
5900.0	700.0	3.92803335	-4.94843292	-8.62011623
5900.0	800.0	3.93854618	-5.87862444	-9.53914261
5900.0	900.0	3.95015192	-6.81163883	-10.4860697
5900.0	1000.0	3.96283555	-7.74558926	-11.4493284
5950.0	100.0	3.92201567	0.432316542	-2.33512259
5950.0	200.0	3.92538786	-0.425293624	-3.48484707
5950.0	300.0	3.93006706	-1.2940675	-4.59157658
5950.0	400.0	3.93600464	-2.17387104	-5.65410042
5950.0	500.0	3.94315052	-3.06460261	-6.67146301
5950.0	600.0	3.95145226	-3.96619391	-7.64295483
5950.0	700.0	3.96085644	-4.87850857	-8.58016396
5950.0	800.0	3.97131991	-5.80051804	-9.49125671
5950.0	900.0	3.98286676	-6.72554445	-10.4304638
5950.0	1000.0	3.9954834	-7.6516943	-11.3854761
6000.0	100.0	3.95495868	0.449520469	-2.36913037
6000.0	200.0	3.95833087	-0.399233669	-3.5179286
6000.0	300.0	3.9630022	-1.25920939	-4.62240887
6000.0	400.0	3.96892476	-2.13029146	-5.68130064
6000.0	500.0	3.97604752	-3.01240015	-6.69344091
6000.0	600.0	3.98431873	-3.90549278	-7.65777969
6000.0	700.0	3.99368334	-4.80952358	-8.54112434
6000.0	800.0	4.00409794	-5.72347069	-9.44440937
6000.0	900.0	4.01558733	-6.64064789	-10.3760347
6000.0	1000.0	4.02813816	-7.55909872	-11.322916
6050.0	100.0	3.98790216	0.466884673	-2.35874724
6050.0	200.0	3.99127531	-0.373107165	-3.49927235
6050.0	300.0	3.99594021	-1.22440827	-4.59602785
6050.0	400.0	4.00184822	-2.0869236	-5.64773655
6050.0	500.0	4.0089488	-2.96059442	-6.65322781
6050.0	600.0	4.0171895	-3.84539938	-7.61143398
6050.0	700.0	4.02651358	-4.74146461	-8.50297832
6050.0	800.0	4.03688002	-5.64747667	-9.398592
6050.0	900.0	4.04831362	-6.55689716	-10.3227386
6050.0	1000.0	4.06080008	-7.46776676	-11.2616205
6100.0	100.0	4.02084637	0.48404336	-2.3451705
6100.0	200.0	4.02421951	-0.347338378	-3.47626781
6100.0	300.0	4.02887726	-1.19012523	-4.56364536
6100.0	400.0	4.03477144	-2.04424453	-5.60608149
6100.0	500.0	4.04184961	-2.90965772	-6.60259628
6100.0	600.0	4.0500598	-3.78636074	-7.5524416
6100.0	700.0	4.05934668	-4.67429733	-8.46570206
6100.0	800.0	4.06966686	-5.57248449	-9.35376549
6100.0	900.0	4.08104515	-6.47426128	-10.2705488
6100.0	1000.0	4.09346867	-7.37765789	-11.2015505
6150.0	100.0	4.05378819	0.500790119	-2.37985778
6150.0	200.0	4.05716228	-0.322125196	-3.510463
6150.0	300.0	4.06181383	-1.15649915	-4.59599113
6150.0	400.0	4.06769371	-2.00227666	-5.63515663
6150.0	500.0	4.07475138	-2.85943937	-6.62677717
6150.0	600.0	4.08293295	-3.72800875	-7.56976843
6150.0	700.0	4.09218264	-4.60801411	-8.42927837
6150.0	800.0	4.10245705	-5.49847984	-9.3099041
6150.0	900.0	4.11378193	-6.39272356	-10.2194471
6150.0	1000.0	4.12614346	-7.28875923	-11.1426849
6200.0	100.0	4.08673191	0.517698467	-2.36973047
6200.0	200.0	4.09010696	-0.296835423	-3.49244118
6200.0	300.0	4.09475279	-1.12290967	-4.57062435
6200.0	400.0	4.10061979	-1.96048892	-5.6029892
6200.0	500.0	4.10765696	-2.80957484	-6.58834076
6200.0	600.0	4.11581039	-3.67020917	-7.5255785
6200.0	700.0	4.12502241	-4.54258823	-8.39368057
6200.0	800.0	4.13525248	-5.42544842	-9.26699352
6200.0	900.0	4.14652443	-6.31227064	-10.1694069
6200.0	1000.0	4.15882587	-7.20104408	-11.0849953
6250.0	100.0	4.11967516	0.534405053	-2.3559947
6250.0	200.0	4.12305117	-0.271890849	-3.46959829
6250.0	300.0	4.12769127	-1.08981693	-4.53876495
6250.0	400.0	4.1335454	-1.91935837	-5.56225586
6250.0	500.0	4.14056158	-2.76053619	-6.53906107
6250.0	600.0	4.14868736	-3.61341	-7.4683938
6250.0	700.0	4.15786505	-4.47800303	-8.35889721
6250.0	800.0	4.16805124	-5.35335159	-9.2250042
6250.0	900.0	4.1792717	-6.23287249	-10.1204062
6250.0	1000.0	4.19151306	-7.1144681	-11.0284452
6300.0	200.0	4.15599442	-0.247473553	-3.50485492
6300.0	300.0	4.1606288	-1.05734491	-4.57254505
6300.0	400.0	4.16647053	-1.87889719	-5.59310293
6300.0	500.0	4.17346811	-2.71217155	-6.56531858
6300.0	600.0	4.18156672	-3.5572505	-7.4880724
6300.0	700.0	4.19071007	-4.41423368	-8.32490063
6300.0	800.0	4.2008543	-5.28218603	-9.18392277
6300.0	900.0	4.21202374	-6.15448856	-10.0724096
6300.0	1000.0	4.22420692	-7.02901649	-10.9730206
6350.0	200.0	4.18894005	-0.222970933	-3.48741412
6350.0	300.0	4.19356871	-1.02489197	-4.54811478
6350.0	400.0	4.19939899	-1.83858895	-5.56222677
6350.0	500.0	4.20637798	-2.66412234	-6.52852917
6350.0	600.0	4.21445036	-3.50159431	-7.4458847
6350.0	700.0	4.22355843	-4.35127544	-8.29167747
6350.0	800.0	4.23366022	-5.21193314	-9.14372635
6350.0	900.0	4.24478054	-6.07709694	-10.0253963
6350.0	1000.0	4.25690699	-6.94467115	-10.9186935
6400.0	200.0	4.22188377	-0.198802382	-3.46467924
6400.0	300.0	4.22650862	-0.992915988	-4.51669693
6400.0	400.0	4.23232698	-1.79890919	-5.52230692
6400.0	500.0	4.23928642	-2.61686039	-6.48046732
6400.0	600.0	4.24733305	-3.44688821	-7.3903451
6400.0	700.0	4.25640869	-4.28909445	-8.25920582
6400.0	800.0	4.26647043	-5.14255524	-9.10438919
6400.0	900.0	4.27754211	-6.00069714	-9.97935104
6400.0	1000.0	4.28961277	-6.86139441	-10.8654299
6450.0	200.0	4.25482702	-0.175134763	-3.50094891
6450.0	300.0	4.25944662	-0.961527348	-4.55183935
6450.0	400.0	4.2652545	-1.7598604	-5.55483294
6450.0	500.0	4.27219677	-2.57023096	-6.50868702
6450.0	600.0	4.2802186	-3.39278078	-7.41224194
6450.0	700.0	4.28926277	-4.22767401	-8.22746754
6450.0	800.0	4.29928398	-5.07404566	-9.06589794
6450.0	900.0	4.31030846	-5.92526054	-9.93425179
6450.0	1000.0	4.32232475	-6.77917528	-10.813221
6500.0	200.0	4.28777218	-0.151374385	-3.48404026
6500.0	300.0	4.29238796	-0.930142522	-4.52827215
6500.0	400.0	4.29818487	-1.72093987	-5.52515221
6500.0	500.0	4.30510998	-2.52388239	-6.47342587
6500.0	600.0	4.31310797	-3.3391304	-7.37191486
6500.0	700.0	4.32211876	-4.16701603	-8.19645119
6500.0	800.0	4.33210087	-5.00638008	-9.0282259
6500.0	900.0	4.34307909	-5.85075092	-9.89006996
6500.0	1000.0	4.3550415	-6.6979723	-10.7620277
6550.0	200.0	4.32071686	-0.127938151	-3.46136475
6550.0	300.0	4.32532835	-0.899216771	-4.49722195
6550.0	400.0	4.33111477	-1.68262148	-5.48594618
6550.0	500.0	4.33802319	-2.47828603	-6.42645741
6550.0	600.0	4.3459959	-3.2863853	-7.31787205
6550.0	700.0	4.35497808	-4.1070857	-8.16613388
6550.0	800.0	4.36492157	-4.93953323	-8.99135303
6550.0	900.0	4.37585402	-5.77716589	-9.84679794
6550.0	1000.0	4.38776398	-6.61778831	-10.711462
6600.0	200.0	4.35366058	-0.104978345	-3.49860382
6600.0	300.0	4.35826778	-0.868847787	-4.53366375
6600.0	400.0	4.36404419	-1.64489913	-5.52006531
6600.0	500.0	4.37093639	-2.43328404	-6.45653439
6600.0	600.0	4.37888718	-3.23420048	-7.34186459
6600.0	700.0	4.38783836	-4.04788017	-8.13650799
6600.0	800.0	4.39774513	-4.87350082	-8.95527363
6600.0	900.0	4.40863323	-5.7044735	-9.80440044
6600.0	1000.0	4.42049074	-6.53859711	-10.6611662
6650.0	200.0	4.38660622	-0.081919387	-3.48218298
6650.0	300.0	4.3912096	-0.838468552	-4.51089191
6650.0	400.0	4.39697647	-1.60728288	-5.49149227
6650.0	500.0	4.40385246	-2.38853192	-6.42269325
6650.0	600.0	4.41178083	-3.1824317	-7.30326796
6650.0	700.0	4.42070198	-3.98937821	-8.10754776
6650.0	800.0	4.43057203	-4.8082571	-8.91995621
6650.0	900.0	4.44141626	-5.63264942	-9.76286125
6650.0	1000.0	4.45322418	-6.46036816	-10.6118412
6700.0	200.0	4.4195509	-0.0591756888	-3.45952201
6700.0	300.0	4.42415094	-0.808532715	-4.48014307
6700.0	400.0	4.42990828	-1.57024527	-5.45290995
6700.0	500.0	4.43676853	-2.34449959	-6.37670326
6700.0	600.0	4.44467449	-3.13152742	-7.25058746
6700.0	700.0	4.4535675	-3.93157196	-8.07924747
6700.0	800.0	4.46340227	-4.74379826	-8.88539505
6700.0	900.0	4.47420311	-5.56170607	-9.72217941
6700.0	1000.0	4.48596191	-6.38308048	-10.5634661
6750.0	200.0	4.45249367	-0.0368855856	-3.49768972
6750.0	300.0	4.45709085	-0.779124916	-4.51782322
6750.0	400.0	4.4628396	-1.53377104	-5.48854589
6750.0	500.0	4.46968508	-2.30102754	-6.40854311
6750.0	600.0	4.47757053	-3.08114791	-7.27656412
6750.0	700.0	4.48643589	-3.87443399	-8.05158806
6750.0	800.0	4.49623537	-4.68008995	-8.85156631
6750.0	900.0	4.5069952	-5.49158764	-9.68230629
6750.0	1000.0	4.51870441	-6.30672169	-10.5160141
6800.0	200.0	4.4854393	-0.0144909592	-3.48171592
6800.0	300.0	4.49003363	-0.749694884	-4.4957881
6800.0	400.0	4.49577379	-1.49738324	-5.46100044
6800.0	500.0	4.50260544	-2.25777745	-6.37602234
6800.0	600.0	4.51046944	-3.03114748	-7.23958111
6800.0	700.0	4.51930618	-3.81795692	-8.02454758
6800.0	800.0	4.52907133	-4.61713505	-8.81846237
6800.0	900.0	4.53979015	-5.42230129	-9.64324379
6800.0	1000.0	4.55145168	-6.23126841	-10.4694748
6850.0	200.0	4.5183835	0.00759645086	-3.45902801
6850.0	300.0	4.52297544	-0.720693707	-4.46527672
6850.0	400.0	4.52870703	-1.46155286	-5.42295837
6850.0	500.0	4.53552389	-2.21521759	-6.33090878
6850.0	600.0	4.54336739	-2.98197389	-7.18813896
6850.0	700.0	4.55217886	-3.76213551	-7.99812603
6850.0	800.0	4.56191015	-4.55490541	-8.78605556
6850.0	900.0	4.57258844	-5.35382271	-9.62034798
6850.0	1000.0	4.58420372	-6.15669584	-10.4238224
6900.0	200.0	4.55132675	0.029251555	-3.49808836
6900.0	300.0	4.55591583	-0.692194045	-4.50414276
6900.0	400.0	4.56163979	-1.42625511	-5.46003962
6900.0	500.0	4.56844282	-2.17318606	-6.36442471
6900.0	600.0	4.57626724	-2.93329215	-7.21599483
6900.0	700.0	4.58505297	-3.70694208	-7.97230196
6900.0	800.0	4.59475183	-4.49338102	-8.7543335
6900.0	900.0	4.6053915	-5.28612995	-9.63275909
6900.0	1000.0	4.61696005	-6.08298588	-10.3790388
6950.0	200.0	4.58427238	0.0510157086	-3.48252439
6950.0	300.0	4.58885956	-0.66366148	-4.48278713
6950.0	400.0	4.59457588	-1.39102662	-5.43344736
6950.0	500.0	4.60136557	-2.13135028	-6.33313274
6950.0	600.0	4.60917091	-2.88495636	-7.18051815
6950.0	700.0	4.61792946	-3.65236998	-7.94705772
6950.0	800.0	4.62759638	-4.43256569	-8.7232933
6950.0	900.0	4.6381979	-5.2192173	-9.59634876
6950.0	1000.0	4.64972115	-6.01013422	-10.3351097
7000.0	200.0	4.61721706	0.0724798515	-3.45977235
7000.0	300.0	4.62180233	-0.635544717	-4.45245743
7000.0	400.0	4.62751102	-1.35633564	-5.39586926
7000.0	500.0	4.63428736	-2.09017944	-6.28879929
7000.0	600.0	4.64207363	-2.83741379	-7.13019943
7000.0	700.0	4.65080786	-3.59841728	-7.92239285
7000.0	800.0	4.66044378	-4.37243319	-8.69290447
7000.0	900.0	4.67100716	-5.15305853	-9.56067371
7000.0	1000.0	4.68248653	-5.93811798	-10.292017
7050.0	200.0	4.65016079	0.0935317203	-3.49969196
7050.0	300.0	4.65474319	-0.607904553	-4.49245882
7050.0	400.0	4.66044521	-1.32214975	-5.43433142
7050.0	500.0	4.66720915	-2.04950619	-6.32391262
7050.0	600.0	4.67497778	-2.79033184	-7.15984344
7050.0	700.0	4.68368816	-3.54505587	-7.89828587
7050.0	800.0	4.69329357	-4.31298208	-8.66316605
7050.0	900.0	4.70381975	-5.0876441	-9.52572346
7050.0	1000.0	4.71525621	-5.86691189	-10.2497406
7100.0	200.0	4.68310595	0.114696309	-3.48450327
7100.0	300.0	4.68768692	-0.580222249	-4.47173262
7100.0	400.0	4.69338226	-1.28801692	-5.4086256
7100.0	500.0	4.70013523	-2.0090065	-6.29376507
7100.0	600.0	4.70788527	-2.7435658	-7.12577152
7100.0	700.0	4.71657085	-3.49228001	-7.87472486
7100.0	800.0	4.7261467	-4.25418186	-8.634058
7100.0	900.0	4.73663664	-5.02296114	-9.49147511
7100.0	1000.0	4.74803066	-5.79649973	-10.2082663
7150.0	200.0	4.71605015	0.135567442	-3.46165204
7150.0	300.0	4.72062969	-0.552943707	-4.44153118
7150.0	400.0	4.72631836	-1.25440407	-5.37144136
7150.0	500.0	4.73305893	-1.96914673	-6.25012398
7150.0	600.0	4.74079132	-2.69756126	-7.07647038
7150.0	700.0	4.74945498	-3.44008923	-7.85170364
7150.0	800.0	4.75900078	-4.19602489	-8.60556126
7150.0	900.0	4.76945686	-4.95899677	-9.45791817
7150.0	1000.0	4.78080797	-5.72688007	-10.1675777
7200.0	200.0	4.74899387	0.156045005	-3.50239968
7200.0	300.0	4.75357246	-0.526118875	-4.4826231
7200.0	400.0	4.75925398	-1.22126973	-5.41122437
7200.0	500.0	4.7659831	-1.92975736	-6.28676033
7200.0	600.0	4.77369976	-2.65198994	-7.10781527
7200.0	700.0	4.78234053	-3.38845682	-7.82920599
7200.0	800.0	4.79185867	-4.13851357	-8.57767677
7200.0	900.0	4.802279	-4.89573526	-9.42504025
7200.0	1000.0	4.81359005	-5.65803432	-10.1276646
7250.0	200.0	4.78193903	0.176638395	-3.48755503
7250.0	300.0	4.78651619	-0.499243468	-4.46247864
7250.0	400.0	4.79219198	-1.18817472	-5.38634205
7250.0	500.0	4.79891109	-1.89052081	-6.25768137
7250.0	600.0	4.80661106	-2.60670662	-7.07505798
7250.0	700.0	4.81522846	-3.33737612	-7.80721951
7250.0	800.0	4.824718	-4.08161545	-8.55038071
7250.0	900.0	4.83510494	-4.83315659	-9.39282322
7250.0	1000.0	4.84637547	-5.58992481	-10.0884972
7300.0	200.0	4.81488323	0.196944296	-3.46457243
7300.0	300.0	4.81945944	-0.472761035	-4.43235683
7300.0	400.0	4.82512999	-1.15558338	-5.34948635
7300.0	500.0	4.83183718	-1.85190201	-6.21465063
7300.0	600.0	4.83952093	-2.5621562	-7.02667761
7300.0	700.0	4.84811783	-3.28685069	-7.7857399
7300.0	800.0	4.85758018	-4.02532291	-8.52366161
7300.0	900.0	4.86793375	-4.77126026	-9.36125755
7300.0	1000.0	4.87916517	-5.52257347	-10.0500793
7350.0	200.0	4.84782696	0.216874123	-3.5061202
7350.0	300.0	4.85240173	-0.446710676	-4.47449732
7350.0	400.0	4.85806704	-1.12344623	-5.39053631
7350.0	500.0	4.86476326	-1.81372774	-6.25274372
7350.0	600.0	4.87243176	-2.51801324	-7.05964565
7350.0	700.0	4.8810091	-3.23683739	-7.76474571
7350.0	800.0	4.89044428	-3.96964264	-8.49751568
7350.0	900.0	4.90076542	-4.71002054	-9.33032513
7350.0	1000.0	4.91195822	-5.45593452	-10.0123749
7400.0	200.0	4.88077164	0.236922294	-3.49159026
7400.0	300.0	4.88534641	-0.42060253	-4.45489216
7400.0	400.0	4.89100647	-1.09133577	-5.36642075
7400.0	500.0	4.89769363	-1.77568781	-6.22466183
7400.0	600.0	4.90534687	-2.47413397	-7.02799034
7400.0	700.0	4.91390181	-3.18737555	-7.74424362
7400.0	800.0	4.92331076	-3.91454315	-8.47192383
7400.0	900.0	4.93359995	-4.6494298	-9.30002022
7400.0	1000.0	4.9447546	-5.39001179	-9.97538471
7450.0	200.0	4.91371632	0.256688416	-3.46844673
7450.0	300.0	4.91829014	-0.394877493	-4.42480659
7450.0	400.0	4.92394495	-1.05971408	-5.32983303
7450.0	500.0	4.9306221	-1.73824525	-6.1821661
7450.0	600.0	4.93826103	-2.43095875	-6.98056746
7450.0	700.0	4.94679594	-3.13841033	-7.72420311
7450.0	800.0	4.95617962	-3.8600316	-8.4468832
7450.0	900.0	4.96643782	-4.58948565	-9.27032852
7450.0	1000.0	4.97755527	-5.32477999	-9.93908978
7500.0	200.0	4.94665861	0.276094973	-3.5107677
7500.0	300.0	4.95123339	-0.369564116	-4.46795607
7500.0	400.0	4.95688248	-1.0285238	-5.3720994
7500.0	500.0	4.96355104	-1.70122325	-6.22165489
7500.0	600.0	4.97117519	-2.38816857	-7.01508522
7500.0	700.0	4.97969151	-3.08995962	-7.70463085
7500.0	800.0	4.98905039	-3.80606699	-8.42236423
7500.0	900.0	4.99927807	-4.53016186	-9.24123192
7500.0	1000.0	5.01035929	-5.2602458	-9.90348148
7550.0	200.0	4.97960424	0.295621872	-3.49652672
7550.0	300.0	4.98417759	-0.344186783	-4.44884968
7550.0	400.0	4.98982382	-0.997348905	-5.34869719
7550.0	500.0	4.99648285	-1.66431856	-6.19450331
7550.0	600.0	5.00409317	-2.34562206	-6.98420811
7550.0	700.0	5.01258898	-3.04200196	-7.68550968
7550.0	800.0	5.02192259	-3.75266886	-8.39837456
7550.0	900.0	5.0321207	-4.47145367	-9.21272469
7550.0	1000.0	5.04316664	-5.19637966	-9.86853886
7600.0	200.0	5.01254845	0.314871609	-3.47319484
7600.0	300.0	5.01712179	-0.319183409	-4.41875744
7600.0	400.0	5.02276325	-0.966648936	-5.31232214
7600.0	500.0	5.02941322	-1.62799263	-6.15247393
7600.0	600.0	5.03700972	-2.30374885	-6.93790531
7600.0	700.0	5.04548836	-2.99452949	-7.66682816
7600.0	800.0	5.05479765	-3.69982791	-8.37490463
7600.0	900.0	5.0649662	-4.41335249	-9.18479729
7600.0	1000.0	5.07597637	-5.13317966	-9.83425999
7650.0	200.0	5.0454917	0.333777487	-3.51626563
7650.0	300.0	5.05006456	-0.294572562	-4.46288109
7650.0	400.0	5.05570173	-0.936359286	-5.35575867
7650.0	500.0	5.0623436	-1.59206462	-6.19330025
7650.0	600.0	5.06992722	-2.26224136	-6.97390461
7650.0	700.0	5.07838821	-2.94754648	-7.64858532
7650.0	800.0	5.08767462	-3.64750433	-8.3519249
7650.0	900.0	5.09781456	-4.35584164	-9.15742874
7650.0	1000.0	5.10878992	-5.07062197	-9.8006258
7700.0	200.0	5.0784359	0.352804989	-3.50228739
7700.0	300.0	5.08300924	-0.269892484	-4.44423628
7700.0	400.0	5.08864355	-0.906075001	-5.33302021
7700.0	500.0	5.09527731	-1.55623889	-6.16701841
7700.0	600.0	5.10284853	-2.22096038	-6.94372749
7700.0	700.0	5.1112895	-2.90103006	-7.63076782
7700.0	800.0	5.12055302	-3.59571981	-8.32944298
7700.0	900.0	5.13066483	-4.29891396	-9.13061523
7700.0	1000.0	5.14160776	-5.0086956	-9.79180241
7750.0	200.0	5.1113801	0.371559948	-3.47874188
7750.0	300.0	5.11595345	-0.245577976	-4.41410017
7750.0	400.0	5.12158394	-0.87625289	-5.29680681
7750.0	500.0	5.12820911	-1.52097428	-6.12538958
7750.0	600.0	5.13576794	-2.18032336	-6.89847279
7750.0	700.0	5.1441927	-2.85497475	-7.61336136
7750.0	800.0	5.1534338	-3.54444528	-8.30744267
7750.0	900.0	5.16351795	-4.24255943	-9.10434914
7750.0	1000.0	5.17442799	-4.94738674	-9.80570889
7800.0	200.0	5.14432287	0.389985681	-3.52254009
7800.0	300.0	5.14889669	-0.221638069	-4.4591651
7800.0	400.0	5.15452337	-0.846821189	-5.34136963
7800.0	500.0	5.1611414	-1.48608732	-6.16750097
7800.0	600.0	5.16868782	-2.14003491	-6.93589258
7800.0	700.0	5.17709637	-2.80936909	-7.59636354
7800.0	800.0	5.18631601	-3.49369717	-8.28592014
7800.0	900.0	5.19637299	-4.18676567	-9.07860756
7800.0	1000.0	5.20725155	-4.88668203	-9.77476215
7850.0	200.0	5.17726707	0.408534288	-3.50880194
7850.0	300.0	5.18184185	-0.197624177	-4.44094753
7850.0	400.0	5.18746567	-0.817385793	-5.31924963
7850.0	500.0	5.19407654	-1.45128822	-6.14203358
7850.0	600.0	5.20161152	-2.09995651	-6.9063406
7850.0	700.0	5.21000242	-2.76422286	-7.579772
7850.0	800.0	5.21920013	-3.44342542	-8.26485157
7850.0	900.0	5.22923183	-4.13152647	-9.05339146
7850.0	1000.0	5.24007702	-4.82657671	-9.74439812
7900.0	200.0	5.21021128	0.426814437	-3.48501968
7900.0	300.0	5.21478653	-0.173968077	-4.41073132
7900.0	400.0	5.22040701	-0.788401127	-5.28314972
7900.0	500.0	5.22700977	-1.41703486	-6.10074472
7900.0	600.0	5.23453379	-2.06049538	-6.86207056
7900.0	700.0	5.24290895	-2.71951532	-7.56356621
7900.0	800.0	5.25208616	-3.39367652	-8.2442522
7900.0	900.0	5.26209116	-4.07682991	-9.02868938
7900.0	1000.0	5.27290678	-4.76707935	-9.71462154
7950.0	200.0	5.24315357	0.444779277	-3.52952433
7950.0	300.0	5.2477293	-0.150669828	-4.456707
7950.0	400.0	5.25334692	-0.759787858	-5.32879972
7950.0	500.0	5.25994396	-1.38313913	-6.14409304
7950.0	600.0	5.26745605	-2.02136636	-6.9008522
7950.0	700.0	5.27581692	-2.67523503	-7.54774475
7950.0	800.0	5.28497362	-3.34438801	-8.22408772
7950.0	900.0	5.29495335	-4.02266312	-9.00448418
7950.0	1000.0	5.3057394	-4.70815659	-9.68540764
8000.0	200.0	5.27609825	0.462867618	-3.51600552
8000.0	300.0	5.28067541	-0.127293423	-4.43888521
8000.0	400.0	5.28628969	-0.731163085	-5.30725574
8000.0	500.0	5.29288054	-1.34931898	-6.11938667
8000.0	600.0	5.30038214	-1.98243332	-6.87185574
8000.0	700.0	5.30872583	-2.63137579	-7.53229904
8000.0	800.0	5.31786251	-3.29557228	-8.20435905
8000.0	900.0	5.32781744	-3.96902514	-8.98077393
8000.0	1000.0	5.33857298	-4.64980602	-9.65675163
8050.0	200.0	5.30904102	0.480691373	-3.49196362
8050.0	300.0	5.31361961	-0.104267776	-4.40855503
8050.0	400.0	5.31923199	-0.702978253	-5.2712245
8050.0	500.0	5.3258152	-1.31602955	-6.07838154
8050.0	600.0	5.33330631	-1.94409227	-6.82850933
8050.0	700.0	5.34163666	-2.58795166	-7.51722431
8050.0	800.0	5.35075331	-3.24723673	-8.18506432
8050.0	900.0	5.36068439	-3.91590452	-8.957551
8050.0	1000.0	5.37141132	-4.5920186	-9.62863731
8100.0	200.0	5.3419838	0.498213023	-3.53715611
8100.0	300.0	5.34656334	-0.0815840885	-4.45541382
8100.0	400.0	5.35217285	-0.675147235	-5.3179245
8100.0	500.0	5.35874987	-1.2830795	-6.12292099
8100.0	600.0	5.36623144	-1.90606833	-6.8686018
8100.0	700.0	5.37454796	-2.54493403	-7.50251055
8100.0	800.0	5.38364506	-3.19935656	-8.16619015
8100.0	900.0	5.39355278	-3.86329246	-8.93480301
8100.0	1000.0	5.4042511	-4.5347867	-9.60106087
8150.0	200.0	5.37492752	0.515858531	-3.52383614
8150.0	300.0	5.37950897	-0.0588188134	-4.43795776
8150.0	400.0	5.38511658	-0.647297502	-5.29691792
8150.0	500.0	5.39168835	-1.25019407	-6.09892797
8150.0	600.0	5.39915991	-1.86822689	-6.84009647
8150.0	700.0	5.40746021	-2.50231719	-7.48814964
8150.0	800.0	5.41653919	-3.15194654	-8.14773178
8150.0	900.0	5.42642403	-3.81117678	-8.91251564
8150.0	1000.0	5.43709421	-4.47809935	-9.57401371
8200.0	200.0	5.40787077	0.533243179	-3.49951601
8200.0	300.0	5.41245317	-0.0363975801	-4.40748405
8200.0	400.0	5.41805887	-0.620336175	-5.26155424
8200.0	400.0	5.4180584	-0.618556201	-5.25906563
8200.0	500.0	5.42462492	-1.21842217	-6.05891275
8200.0	500.0	5.42462444	-1.21664214	-6.05665302
8200.0	600.0	5.43208599	-1.83095407	-6.797616
8200.0	700.0	5.4403739	-2.46009874	-7.47413349
8200.0	800.0	5.44943523	-3.10495591	-8.12966919
8200.0	900.0	5.45929623	-3.75955248	-8.89068508
8200.0	1000.0	5.46993971	-4.42194986	-9.54748535
8250.0	300.0	5.44539642	-0.0143032642	-4.45519876
8250.0	400.0	5.45100021	-0.592795134	-5.30862904
8250.0	500.0	5.45756102	-1.18577898	-6.10384464
8250.0	600.0	5.4650135	-1.79398453	-6.83896923
8250.0	700.0	5.47328854	-2.41828609	-7.46046209
8250.0	800.0	5.48233175	-3.0584178	-8.11201096
8250.0	900.0	5.49217033	-3.70841169	-8.86930656
8250.0	1000.0	5.50278759	-4.36632442	-9.52145863
8300.0	300.0	5.47834206	0.00787557475	-4.43808079
8300.0	400.0	5.48394442	-0.565687656	-5.28812361
8300.0	500.0	5.49050045	-1.15378857	-6.08026028
8300.0	600.0	5.49794388	-1.7571857	-6.81089401
8300.0	700.0	5.50620365	-2.37683773	-7.44711971
8300.0	800.0	5.51523018	-3.01231003	-8.09473801
8300.0	900.0	5.5250473	-3.65774298	-8.84836197
8300.0	1000.0	5.53563738	-4.31121778	-9.49593258
8350.0	300.0	5.51128674	0.0297163725	-4.40743399
8350.0	400.0	5.51688719	-0.53900075	-5.25210667
8350.0	500.0	5.5234375	-1.12229884	-6.03992748
8350.0	600.0	5.53087187	-1.7209332	-6.76922894
8350.0	700.0	5.53912067	-2.33578777	-7.43410587
8350.0	800.0	5.54812908	-2.96663332	-8.08784771
8350.0	900.0	5.5579257	-3.6075449	-8.8278513
8350.0	1000.0	5.56848955	-4.25662136	-9.47089958
8400.0	300.0	5.54422998	0.0512446202	-4.45598125
8400.0	400.0	5.54982901	-0.512635469	-5.300807
8400.0	500.0	5.5563755	-1.09111691	-6.08672762
8400.0	600.0	5.56380177	-1.68497074	-6.81179571
8400.0	700.0	5.57203817	-2.29510832	-7.42141294
8400.0	800.0	5.58103037	-2.92136288	-8.11447525
8400.0	900.0	5.59080553	-3.55780697	-8.80776596
8400.0	1000.0	5.60134506	-4.20252323	-9.44634247
8450.0	300.0	5.57717514	0.0728596896	-4.43917608
8450.0	400.0	5.58277369	-0.486239612	-5.28076744
8450.0	500.0	5.58931541	-1.0599848	-6.06329775
8450.0	600.0	5.59673357	-1.64916861	-6.78409576
8450.0	700.0	5.60495663	-2.25481081	-7.4090395
8450.0	800.0	5.61393261	-2.87651348	-8.08362579
8450.0	900.0	5.62368774	-3.50852585	-8.78809929
8450.0	1000.0	5.634202	-4.14892149	-9.42225838
8500.0	300.0	5.61011982	0.0941425711	-4.40832996
8500.0	400.0	5.61571646	-0.460255623	-5.24470234
8500.0	500.0	5.62225342	-1.02933526	-6.02357244
8500.0	600.0	5.62966347	-1.6138922	-6.74319601
8500.0	700.0	5.63787603	-2.21485996	-7.3969655
8500.0	800.0	5.64683676	-2.83206749	-8.07029533
8500.0	900.0	5.65657139	-3.45968533	-8.76883507
8500.0	1000.0	5.66706085	-4.09580612	-9.39864063
8550.0	300.0	5.64306355	0.115126401	-4.4576869
8550.0	400.0	5.64865875	-0.434578598	-5.2943573
8550.0	500.0	5.6551919	-0.998981237	-6.07144642
8550.0	600.0	5.6625948	-1.57889366	-6.7869339
8550.0	700.0	5.67079639	-2.17528105	-7.38519859
8550.0	800.0	5.67974186	-2.78801799	-8.07435322
8550.0	900.0	5.68945646	-3.41129565	-8.74998283
8550.0	1000.0	5.69992304	-4.04317093	-9.37548256
8600.0	300.0	5.67600918	0.136199027	-4.44117022
8600.0	400.0	5.68160439	-0.408866048	-5.27475309
8600.0	500.0	5.68813324	-0.968672097	-6.0481267
8600.0	600.0	5.69552803	-1.54404569	-6.75955534
8600.0	700.0	5.70371819	-2.1360507	-7.37372971
8600.0	800.0	5.71264696	-2.74436474	-8.0757637
8600.0	900.0	5.72234297	-3.36332941	-8.73151779
8600.0	1000.0	5.73278618	-3.99100304	-9.35276508
8650.0	300.0	5.70895338	0.156944767	-4.41009855
8650.0	400.0	5.71454763	-0.383557379	-5.2386055
8650.0	500.0	5.7210722	-0.93882823	-6.00897121
8650.0	600.0	5.72846031	-1.50970411	-6.71937561
8650.0	700.0	5.73663902	-2.09716868	-7.36254692
8650.0	800.0	5.74555492	-2.70110273	-8.05806828
8650.0	900.0	5.75523186	-3.31578541	-8.71343327
8650.0	1000.0	5.7656517	-3.93929958	-9.33048916
8700.0	300.0	5.74189711	0.177404284	-4.46024418
8700.0	400.0	5.74748993	-0.358541489	-5.28918791
8700.0	500.0	5.75401163	-0.909268677	-6.05788517
8700.0	600.0	5.76139307	-1.47562873	-6.76424456
8700.0	700.0	5.76956224	-2.05864477	-7.35165453
8700.0	800.0	5.77846336	-2.65822077	-8.03694153
8700.0	900.0	5.7881217	-3.26867247	-8.69573879
8700.0	1000.0	5.79852009	-3.88805389	-9.30865097
8750.0	300.0	5.77484226	0.197954148	-4.44399452
8750.0	400.0	5.78043556	-0.333485842	-5.26998758
8750.0	500.0	5.78695393	-0.879749298	-6.03463411
8750.0	600.0	5.79432774	-1.44169545	-6.73713875
8750.0	700.0	5.80248594	-2.02043581	-7.3410387
8750.0	800.0	5.81137276	-2.61571646	-8.03242207
8750.0	900.0	5.82101345	-3.22196293	-8.67841244
8750.0	1000.0	5.83138895	-3.83725262	-9.28722954
8800.0	300.0	5.80778599	0.218182281	-4.41267395
8800.0	400.0	5.81337929	-0.308833092	-5.23373556
8800.0	400.0	5.81337881	-0.307053059	-5.23109627
8800.0	500.0	5.81989384	-0.850678921	-5.99601173
8800.0	600.0	5.82726192	-1.40825021	-6.6976366
8800.0	700.0	5.83541059	-1.98257899	-7.33069754
8800.0	800.0	5.84428406	-2.5735774	-8.01976585
8800.0	900.0	5.85390711	-3.17566729	-8.66145229
8800.0	1000.0	5.86426163	-3.78690791	-9.26623726
8850.0	300.0	5.84072876	0.238136217	-4.46358871
8850.0	400.0	5.84632206	-0.284446776	-5.28520966
8850.0	500.0	5.85283422	-0.821882367	-6.04593563
8850.0	600.0	5.86019564	-1.37506044	-6.74359846
8850.0	700.0	5.86833572	-1.94504786	-7.32062435
8850.0	800.0	5.87719536	-2.53181553	-8.00657463
8850.0	900.0	5.8868022	-3.12977552	-8.6448555
8850.0	1000.0	5.89713526	-3.73698997	-9.24564838
8900.0	300.0	5.87367487	0.25818184	-4.44758415
8900.0	400.0	5.87926769	-0.260025144	-5.26607752
8900.0	500.0	5.88577652	-0.793121874	-6.02271414
8900.0	600.0	5.89313316	-1.34200537	-6.71671963
8900.0	700.0	5.90126133	-1.90783644	-7.31081772
8900.0	800.0	5.91010857	-2.49040508	-7.99368572
8900.0	900.0	5.91969776	-3.08426905	-8.62860584
8900.0	1000.0	5.93001032	-3.6874938	-9.2254591
8950.0	300.0	5.90661812	0.277910471	-4.41599321
8950.0	400.0	5.91221142	-0.235989198	-5.22998047
8950.0	500.0	5.91871738	-0.764795244	-5.98459244
8950.0	600.0	5.92606688	-1.30942047	-6.67785168
8950.0	700.0	5.93418789	-1.8709451	-7.30126572
8950.0	800.0	5.94302273	-2.44935536	-7.98110104
8950.0	900.0	5.95259523	-3.03916717	-8.61271191
8950.0	1000.0	5.96288776	-3.63843751	-9.20567513
9000.0	300.0	5.93956184	0.297376454	-4.467659
9000.0	400.0	5.94515419	-0.21222204	-5.28234196
9000.0	500.0	5.95165777	-0.736732244	-6.03549433
9000.0	600.0	5.95900297	-1.27708161	-6.7248745
9000.0	700.0	5.9671154	-1.83438516	-7.29197216
9000.0	800.0	5.97593689	-2.40865755	-7.96881771
9000.0	900.0	5.98549414	-2.99444366	-8.59715366
9000.0	1000.0	5.99576616	-3.58978915	-9.18627453
9050.0	300.0	5.97250652	0.316935033	-4.45187998
9050.0	400.0	5.9781003	-0.188412577	-5.26304579
9050.0	500.0	5.9846015	-0.708702087	-6.01226711
9050.0	600.0	5.99194098	-1.24486983	-6.69817638
9050.0	700.0	6.00004292	-1.79811335	-7.28292465
9050.0	800.0	6.00885296	-2.36830854	-7.95682955
9050.0	900.0	6.01839447	-2.95009995	-8.58193207
9050.0	1000.0	6.02864742	-3.54155302	-9.16726112
9100.0	300.0	6.00545025	0.336181104	-4.41999817
9100.0	400.0	6.01104355	-0.164976522	-5.22729158
9100.0	500.0	6.01754236	-0.681091189	-5.97461319
9100.0	600.0	6.02487659	-1.21311247	-6.65990829
9100.0	700.0	6.03297186	-1.76216781	-7.27412271
9100.0	800.0	6.04176998	-2.32829285	-7.94511986
9100.0	900.0	6.05129623	-2.90612102	-8.56703568
9100.0	1000.0	6.06153011	-3.49373055	-9.14853287
9150.0	300.0	6.03839397	0.355175734	-4.47239828
9150.0	400.0	6.04398727	-0.141800046	-5.28050852
9150.0	500.0	6.05048466	-0.653734565	-6.02646828
9150.0	600.0	6.05781364	-1.18159151	-6.70795727
9150.0	700.0	6.0659008	-1.72652268	-7.2655592
9150.0	800.0	6.074687	-2.28861547	-7.93369484
9150.0	900.0	6.08419895	-2.86252785	-8.55247021
9150.0	1000.0	6.09441471	-3.44631004	-9.12975216
9200.0	300.0	6.07133865	0.374263346	-4.45682716
9200.0	400.0	6.07693291	-0.118581049	-5.26102066
9200.0	500.0	6.08342838	-0.626407743	-6.00319958
9200.0	600.0	6.0907526	-1.15019155	-6.6814003
9200.0	700.0	6.0988307	-1.69117296	-7.25723267
9200.0	800.0	6.10760546	-2.24927258	-7.92255116
9200.0	900.0	6.11710262	-2.81928825	-8.53821754
9200.0	1000.0	6.12729979	-3.39927959	-9.11120987
9250.0	300.0	6.10428238	0.393042773	-4.42463493
9250.0	400.0	6.10987711	-0.0957239494	-5.22558641
9250.0	500.0	6.1163702	-0.599486649	-5.96598482
9250.0	600.0	6.12368965	-1.11923051	-6.64369583
9250.0	700.0	6.13176107	-1.65611827	-7.24913406
9250.0	800.0	6.14052582	-2.21026349	-7.91167879
9250.0	900.0	6.15000772	-2.77640796	-8.52427864
9250.0	1000.0	6.16018724	-3.35264277	-9.09303761
9300.0	300.0	6.13722515	0.411581099	-4.47775221
9300.0	400.0	6.14282036	-0.073117651	-5.27963734
9300.0	500.0	6.14931154	-0.57281065	-6.01876497
9300.0	600.0	6.15662766	-1.0884968	-6.69274092
9300.0	700.0	6.16469193	-1.62137222	-7.24126577
9300.0	800.0	6.17344618	-2.17157984	-7.90107632
9300.0	900.0	6.18291426	-2.73388839	-8.51064777
9300.0	1000.0	6.19307613	-3.30638766	-9.07522297
9350.0	300.0	6.17017031	0.430211306	-4.46198654
9350.0	400.0	6.17576694	-0.0504689589	-5.25993299
9350.0	500.0	6.1822567	-0.546162248	-5.99542332
9350.0	600.0	6.18956757	-1.05787861	-6.66628504
9350.0	700.0	6.19762421	-1.58691037	-7.23362064
9350.0	800.0	6.20636749	-2.13321662	-7.89073944
9350.0	900.0	6.21582174	-2.69172001	-8.49732018
9350.0	1000.0	6.22596645	-3.26051283	-9.05776501
9400.0	300.0	6.20311356	0.448540807	-4.42985106
9400.0	400.0	6.20871067	-0.028171109	-5.2247963
9400.0	500.0	6.21519899	-0.519906521	-5.95861959
9400.0	600.0	6.22250605	-1.0279603	-6.62945032
9400.0	600.0	6.22250557	-1.02618027	-6.62724972
9400.0	700.0	6.23055506	-1.55271316	-7.22618628
9400.0	800.0	6.23928928	-2.0951612	-7.88065004
9400.0	900.0	6.24873018	-2.6498847	-8.4842844
9400.0	1000.0	6.25885773	-3.21500969	-9.04065609
9450.0	300.0	6.2360549	0.466637433	-4.48367071
9450.0	400.0	6.2416544	-0.00611566287	-5.27966118
9450.0	500.0	6.24814081	-0.493887246	-6.01230192
9450.0	600.0	6.25544453	-0.99770993	-6.67912292
9450.0	700.0	6.26348782	-1.51881409	-7.21896839
9450.0	800.0	6.27221251	-2.0574193	-7.87081671
9450.0	900.0	6.28164005	-2.6084075	-8.47154903
9450.0	1000.0	6.29175186	-3.16987848	-9.02388954
9500.0	300.0	6.26899958	0.484823704	-4.46756172
9500.0	400.0	6.27460003	0.0159814972	-5.25971651
9500.0	500.0	6.28108644	-0.46789372	-5.98885775
9500.0	600.0	6.28838587	-0.967845559	-6.65273285
9500.0	700.0	6.29642153	-1.48518896	-7.2119627
9500.0	800.0	6.30513573	-2.01998568	-7.86123514
9500.0	900.0	6.31455135	-2.56725693	-8.45909214
9500.0	1000.0	6.324646	-3.12510967	-9.00745964
9550.0	300.0	6.30194283	0.502718031	-4.43559837
9550.0	400.0	6.30754471	0.0377386212	-5.2248559
9550.0	500.0	6.31402874	-0.442280442	-5.95243835
9550.0	600.0	6.32132483	-0.938391924	-6.61605549
9550.0	700.0	6.32935524	-1.45185649	-7.20516396
9550.0	800.0	6.33806086	-1.982862	-7.85189772
9550.0	900.0	6.34746313	-2.52643824	-8.44691849
9550.0	1000.0	6.35754251	-3.08069897	-8.99136543
9600.0	300.0	6.33488464	0.520386517	-4.49010801
9600.0	400.0	6.34048748	0.0592610165	-5.2805171
9600.0	500.0	6.34697104	-0.416895807	-6.00699997
9600.0	600.0	6.35426426	-0.909149289	-6.66700888
9600.0	700.0	6.36228943	-1.41877401	-7.19856167
9600.0	800.0	6.37098551	-1.94604039	-7.84280109
9600.0	900.0	6.38037586	-2.48593903	-8.43501472
9600.0	1000.0	6.39043999	-3.03664446	-8.97559547
9650.0	300.0	6.3678298	0.538142383	-4.47363949
9650.0	400.0	6.37343359	0.0808247924	-5.2603097
9650.0	500.0	6.37991714	-0.391534925	-5.98342323
9650.0	600.0	6.38720703	-0.880012512	-6.64065027
9650.0	700.0	6.39522457	-1.38597512	-7.19216347
9650.0	800.0	6.40391111	-1.90950179	-7.83393383
9650.0	900.0	6.4132905	-2.4457798	-8.42339325
9650.0	1000.0	6.42333889	-2.9929409	-8.96014786
9700.0	400.0	6.40637779	0.102058411	-5.22570467
9700.0	500.0	6.41285992	-0.366542816	-5.94736385
9700.0	600.0	6.42014647	-0.851273477	-6.60444164
9700.0	700.0	6.42815924	-1.35342038	-7.18595362
9700.0	800.0	6.43683767	-1.87327576	-7.82530785
9700.0	900.0	6.44620514	-2.40592813	-8.41203308
9700.0	1000.0	6.45623875	-2.94958091	-8.94501686
9750.0	400.0	6.43932056	0.121931218	-5.28401279
9750.0	400.0	6.43932104	0.123711236	-5.28107977
9750.0	500.0	6.44580317	-0.341771573	-6.00278378
9750.0	600.0	6.45308638	-0.822737813	-6.65631056
9750.0	700.0	6.46109438	-1.32114506	-7.17993641
9750.0	800.0	6.46976471	-1.83732724	-7.81690121
9750.0	900.0	6.47912025	-2.36640692	-8.40094471
9750.0	1000.0	6.48914051	-2.90656161	-8.93019772
9800.0	400.0	6.47226667	0.144111663	-5.2616539
9800.0	500.0	6.47874832	-0.317022681	-5.97904778
9800.0	600.0	6.48602962	-0.794304252	-6.62994909
9800.0	700.0	6.49403095	-1.28912461	-7.17410803
9800.0	800.0	6.50269222	-1.80166578	-7.80872059
9800.0	900.0	6.51203775	-2.32718992	-8.39010715
9800.0	1000.0	6.52204323	-2.86388254	-8.91568375
9850.0	400.0	6.50521135	0.164838135	-5.22728682
9850.0	500.0	6.51169157	-0.292631477	-5.94332552
9850.0	600.0	6.51896954	-0.766255736	-6.59418106
9850.0	700.0	6.52696609	-1.25735891	-7.16846085
9850.0	800.0	6.53562164	-1.76629162	-7.80075884
9850.0	900.0	6.54495525	-2.28826928	-8.3795166
9850.0	1000.0	6.5549469	-2.82153416	-8.90147018
9900.0	400.0	6.53815365	0.184231848	-5.28635502
9900.0	400.0	6.53815413	0.186011866	-5.28337049
9900.0	500.0	6.54463482	-0.268453956	-5.99958324
9900.0	600.0	6.5519104	-0.738403916	-6.64694166
9900.0	700.0	6.55990362	-1.22586417	-7.16299582
9900.0	800.0	6.56855059	-1.73118472	-7.79300451
9900.0	900.0	6.57787418	-2.24966717	-8.36918736
9900.0	1000.0	6.58785248	-2.77951384	-8.88755703
9950.0	400.0	6.57109928	0.205890417	-5.26369429
9950.0	500.0	6.57758045	-0.244297713	-5.97566319
9950.0	600.0	6.58485413	-0.710650265	-6.62054825
9950.0	700.0	6.59284115	-1.19459641	-7.15770626
9950.0	800.0	6.60148048	-1.69637012	-7.78547478
9950.0	900.0	6.61079311	-2.21137142	-8.3591013
9950.0	1000.0	6.62075853	-2.73781991	-8.87393188
10000.0	400.0	6.60404396	0.225172251	-5.23116016
10000.0	400.0	6.60404348	0.22695227	-5.22814798
10000.0	500.0	6.61052418	-0.220488563	-5.94025517
10000.0	600.0	6.61779499	-0.683270216	-6.58519459
10000.0	700.0	6.6257782	-1.16359425	-7.15259123
10000.0	800.0	6.63441086	-1.66181731	-7.77814293
10000.0	900.0	6.64371395	-2.17336178	-8.34925175
10000.0	1000.0	6.65366602	-2.69644761	-8.8605938
